5.728502571582794189e-02
-2.506102435290813446e-02
4.992012307047843933e-02
-1.684145815670490265e-02
1.206792145967483521e-02
-6.666371226310729980e-02
4.248522594571113586e-02
-6.444503366947174072e-02
3.344118967652320862e-02
-3.983931988477706909e-02
5.630702897906303406e-02
-2.050238102674484253e-02
2.828302606940269470e-02
-5.650836601853370667e-02
4.080571699887514114e-03
9.505745023488998413e-03
2.661070413887500763e-02
3.736795112490653992e-02
-2.574570477008819580e-02
-1.251615490764379501e-02
