2.260313906250000000e+05
1.518003906250000000e+05
1.566227812500000000e+05
1.366364218750000000e+05
1.298724843750000000e+05
1.323045000000000000e+05
1.137271406250000000e+05
1.135334375000000000e+05
1.275623203125000000e+05
1.073226328125000000e+05
1.051584453125000000e+05
1.068363593750000000e+05
1.003585781250000000e+05
9.535984375000000000e+04
9.493197656250000000e+04
8.036398437500000000e+04
9.485410156250000000e+04
8.796433593750000000e+04
8.454862500000000000e+04
8.602256250000000000e+04
7.263387500000000000e+04
8.733876562500000000e+04
8.639939062500000000e+04
7.888903125000000000e+04
6.488420312500000000e+04
6.209692578125000000e+04
6.933755468750000000e+04
6.900706250000000000e+04
7.248460937500000000e+04
5.854220703125000000e+04
6.655346093750000000e+04
6.679709375000000000e+04
5.529939062500000000e+04
6.211878906250000000e+04
4.759194531250000000e+04
5.307298437500000000e+04
6.010405078125000000e+04
6.148242578125000000e+04
6.213751562500000000e+04
5.210545703125000000e+04
6.057451562500000000e+04
6.900117187500000000e+04
6.078401171875000000e+04
4.480425781250000000e+04
5.933408203125000000e+04
6.185683984375000000e+04
6.116596875000000000e+04
5.325556640625000000e+04
7.115622656250000000e+04
7.252915625000000000e+04
5.732835156250000000e+04
5.964686328125000000e+04
6.160294921875000000e+04
5.152951562500000000e+04
5.739417187500000000e+04
5.870261718750000000e+04
6.095204687500000000e+04
5.873669531250000000e+04
4.718709765625000000e+04
6.204900390625000000e+04
5.417098046875000000e+04
5.655637500000000000e+04
6.203249218750000000e+04
6.577353125000000000e+04
5.440966406250000000e+04
6.643343750000000000e+04
5.459472265625000000e+04
6.225061328125000000e+04
6.414277343750000000e+04
5.259262500000000000e+04
5.517757031250000000e+04
5.830618359375000000e+04
5.922934375000000000e+04
5.934581640625000000e+04
6.425465234375000000e+04
4.476910937500000000e+04
5.703206250000000000e+04
5.798592578125000000e+04
4.247256250000000000e+04
4.860617187500000000e+04
5.934915234375000000e+04
5.566468750000000000e+04
5.611289453125000000e+04
5.641444140625000000e+04
5.197014453125000000e+04
5.228328125000000000e+04
4.606029296875000000e+04
5.779663281250000000e+04
4.941867578125000000e+04
5.960573437500000000e+04
6.116124218750000000e+04
4.112146484375000000e+04
6.090192968750000000e+04
5.032906640625000000e+04
6.154050000000000000e+04
4.870525390625000000e+04
4.789892187500000000e+04
5.562869921875000000e+04
5.124896484375000000e+04
5.167389453125000000e+04
4.978071093750000000e+04
6.215850000000000000e+04
5.127778125000000000e+04
5.982015234375000000e+04
5.091609375000000000e+04
4.953836328125000000e+04
4.815433593750000000e+04
5.845448828125000000e+04
5.403179296875000000e+04
5.295785546875000000e+04
5.627246484375000000e+04
5.309090234375000000e+04
5.122184375000000000e+04
5.506004687500000000e+04
4.106487109375000000e+04
5.114357421875000000e+04
4.619393750000000000e+04
4.712335937500000000e+04
3.626825000000000000e+04
4.685425390625000000e+04
4.333735546875000000e+04
3.905711328125000000e+04
6.120831250000000000e+04
4.955791015625000000e+04
5.276925390625000000e+04
5.630409765625000000e+04
5.427466015625000000e+04
5.578345703125000000e+04
3.941370703125000000e+04
3.937587500000000000e+04
4.468334765625000000e+04
5.416412109375000000e+04
4.984153125000000000e+04
4.856554687500000000e+04
5.549848046875000000e+04
5.121714843750000000e+04
4.306892578125000000e+04
4.858546093750000000e+04
4.421202343750000000e+04
5.729587109375000000e+04
5.476260937500000000e+04
4.847998828125000000e+04
4.889432031250000000e+04
5.025380078125000000e+04
4.406996875000000000e+04
4.890066796875000000e+04
5.183722656250000000e+04
4.489809375000000000e+04
5.087443750000000000e+04
4.342181640625000000e+04
3.056749804687500000e+04
4.833754296875000000e+04
5.373672656250000000e+04
4.874293750000000000e+04
4.465183593750000000e+04
4.764384765625000000e+04
5.350371875000000000e+04
4.404887890625000000e+04
3.806697656250000000e+04
4.506726953125000000e+04
4.829362890625000000e+04
5.354401953125000000e+04
4.085235156250000000e+04
5.341543750000000000e+04
4.650394921875000000e+04
5.228284375000000000e+04
4.438780078125000000e+04
3.592118359375000000e+04
4.656996093750000000e+04
4.165085546875000000e+04
4.464903125000000000e+04
4.624387500000000000e+04
5.136639843750000000e+04
4.254987109375000000e+04
4.256847656250000000e+04
5.226089062500000000e+04
4.730024218750000000e+04
5.198977734375000000e+04
4.530127734375000000e+04
4.349845312500000000e+04
5.107503906250000000e+04
4.249963671875000000e+04
3.672627734375000000e+04
4.550567578125000000e+04
3.939240625000000000e+04
4.780574609375000000e+04
4.716226171875000000e+04
4.802527343750000000e+04
4.512184375000000000e+04
3.752640234375000000e+04
4.376337890625000000e+04
3.563958203125000000e+04
3.971909375000000000e+04
4.766127734375000000e+04
4.427973046875000000e+04
4.878721875000000000e+04
4.526796093750000000e+04
3.759956640625000000e+04
3.099583398437500000e+04
4.945981250000000000e+04
4.855671875000000000e+04
4.683027734375000000e+04
4.225636718750000000e+04
4.167413671875000000e+04
3.325073828125000000e+04
5.037886718750000000e+04
4.732526562500000000e+04
3.375123046875000000e+04
4.091485546875000000e+04
3.571521875000000000e+04
3.905840234375000000e+04
3.846076953125000000e+04
3.717311718750000000e+04
3.972161328125000000e+04
3.969744531250000000e+04
4.483268359375000000e+04
3.846105468750000000e+04
4.237587500000000000e+04
4.473039453125000000e+04
4.246205078125000000e+04
5.001568750000000000e+04
3.599385156250000000e+04
4.198285937500000000e+04
3.735187109375000000e+04
4.190941406250000000e+04
4.518929687500000000e+04
4.213429296875000000e+04
4.556074609375000000e+04
4.182872265625000000e+04
4.187680078125000000e+04
3.846298437500000000e+04
4.741868359375000000e+04
4.136948046875000000e+04
3.888894921875000000e+04
5.192000390625000000e+04
4.112344921875000000e+04
4.576507421875000000e+04
3.683357421875000000e+04
3.504731640625000000e+04
4.241032421875000000e+04
3.945258593750000000e+04
4.267148828125000000e+04
4.680003906250000000e+04
4.443226562500000000e+04
4.323415625000000000e+04
4.019145703125000000e+04
2.721892382812500000e+04
4.084369921875000000e+04
3.707028906250000000e+04
3.944518359375000000e+04
3.459360937500000000e+04
3.551517578125000000e+04
3.715921484375000000e+04
2.926395312500000000e+04
2.752506835937500000e+04
4.201827343750000000e+04
4.915688281250000000e+04
3.525051562500000000e+04
4.111155859375000000e+04
3.877808593750000000e+04
3.839191015625000000e+04
3.865233203125000000e+04
3.125007617187500000e+04
3.489192968750000000e+04
4.259131640625000000e+04
3.908614453125000000e+04
3.001186523437500000e+04
4.200747265625000000e+04
3.322992187500000000e+04
4.079707421875000000e+04
4.459121875000000000e+04
3.964775781250000000e+04
3.548201171875000000e+04
3.976729687500000000e+04
4.172712500000000000e+04
4.847459375000000000e+04
3.551032031250000000e+04
4.203597265625000000e+04
4.177107421875000000e+04
3.694116015625000000e+04
4.222259375000000000e+04
4.318762890625000000e+04
4.298450781250000000e+04
4.407550390625000000e+04
3.813483593750000000e+04
4.500233984375000000e+04
3.813396093750000000e+04
4.598875781250000000e+04
4.155574609375000000e+04
3.926447265625000000e+04
4.209150000000000000e+04
4.425554687500000000e+04
3.158405664062500000e+04
3.931405468750000000e+04
4.221719140625000000e+04
3.397258593750000000e+04
3.173870507812500000e+04
4.134992578125000000e+04
4.429296093750000000e+04
3.568917968750000000e+04
3.930245312500000000e+04
4.239296875000000000e+04
3.092362890625000000e+04
3.615630859375000000e+04
3.111293164062500000e+04
3.441184765625000000e+04
4.067367578125000000e+04
4.087422265625000000e+04
3.984597265625000000e+04
3.771640234375000000e+04
5.279633593750000000e+04
4.068067968750000000e+04
4.176414062500000000e+04
3.368979687500000000e+04
4.195387109375000000e+04
3.991877343750000000e+04
3.431730859375000000e+04
4.466272265625000000e+04
4.030735156250000000e+04
4.382148046875000000e+04
3.342841796875000000e+04
4.058725000000000000e+04
4.439653125000000000e+04
3.725238671875000000e+04
4.062123828125000000e+04
3.730988281250000000e+04
4.816652343750000000e+04
3.269704492187500000e+04
4.127774609375000000e+04
4.593848828125000000e+04
3.698238281250000000e+04
3.114470117187500000e+04
3.583186718750000000e+04
3.118665429687500000e+04
4.450639843750000000e+04
3.802221875000000000e+04
3.994543359375000000e+04
2.950195898437500000e+04
2.824878125000000000e+04
2.823600195312500000e+04
2.863159375000000000e+04
3.355927343750000000e+04
3.518142578125000000e+04
3.271019335937500000e+04
2.785048632812500000e+04
4.034088671875000000e+04
3.414842187500000000e+04
3.974230859375000000e+04
3.120960546875000000e+04
3.452271484375000000e+04
4.603066406250000000e+04
4.090768359375000000e+04
4.005037890625000000e+04
2.996421289062500000e+04
3.692451562500000000e+04
4.007588671875000000e+04
3.589166406250000000e+04
2.994269140625000000e+04
3.661719921875000000e+04
3.246333398437500000e+04
4.173937500000000000e+04
4.445816015625000000e+04
4.046662109375000000e+04
2.929453320312500000e+04
3.815519921875000000e+04
4.232712109375000000e+04
4.142342187500000000e+04
3.960905078125000000e+04
3.907331640625000000e+04
3.237866210937500000e+04
3.640292578125000000e+04
4.020744921875000000e+04
3.546999609375000000e+04
3.844885156250000000e+04
4.340543359375000000e+04
3.365898828125000000e+04
4.033289062500000000e+04
2.885289843750000000e+04
4.440870312500000000e+04
3.885953125000000000e+04
3.618079687500000000e+04
3.764520703125000000e+04
3.769839062500000000e+04
3.512134765625000000e+04
3.330154687500000000e+04
4.297936328125000000e+04
3.323302343750000000e+04
3.576893750000000000e+04
3.677118359375000000e+04
3.651076171875000000e+04
3.386135546875000000e+04
3.177853320312500000e+04
3.903941796875000000e+04
2.994976562500000000e+04
4.412832812500000000e+04
3.299880859375000000e+04
3.059014843750000000e+04
4.461341406250000000e+04
3.844530468750000000e+04
3.694037109375000000e+04
2.807055078125000000e+04
3.982827343750000000e+04
3.249827343750000000e+04
3.502712890625000000e+04
4.109829687500000000e+04
3.228908984375000000e+04
2.867711328125000000e+04
3.852748828125000000e+04
4.443043359375000000e+04
3.671118359375000000e+04
3.652369140625000000e+04
3.956289843750000000e+04
3.475454687500000000e+04
3.069025976562500000e+04
3.566325390625000000e+04
3.772531640625000000e+04
3.473561718750000000e+04
3.384996484375000000e+04
3.871415625000000000e+04
3.123141992187500000e+04
4.208087500000000000e+04
3.218413867187500000e+04
3.903614843750000000e+04
3.412305859375000000e+04
2.392933593750000000e+04
3.818481640625000000e+04
3.860831640625000000e+04
3.710457812500000000e+04
3.831546093750000000e+04
3.494071875000000000e+04
4.400343359375000000e+04
3.008855078125000000e+04
3.982959375000000000e+04
3.962183203125000000e+04
3.416182031250000000e+04
3.523578125000000000e+04
3.735634375000000000e+04
3.901932812500000000e+04
3.148602148437500000e+04
3.433689453125000000e+04
3.345662109375000000e+04
3.183875781250000000e+04
3.370065234375000000e+04
3.757241015625000000e+04
4.392798437500000000e+04
3.012398242187500000e+04
4.002026562500000000e+04
3.067264843750000000e+04
3.214172070312500000e+04
3.474425390625000000e+04
4.478001562500000000e+04
3.924962109375000000e+04
4.281150000000000000e+04
4.000309375000000000e+04
3.569494921875000000e+04
3.072476562500000000e+04
3.549581640625000000e+04
4.169805078125000000e+04
4.044074609375000000e+04
3.290125000000000000e+04
3.312092187500000000e+04
3.417724609375000000e+04
2.918351757812500000e+04
4.572739062500000000e+04
4.289259375000000000e+04
3.551787890625000000e+04
3.725144921875000000e+04
3.027252539062500000e+04
3.283327734375000000e+04
3.094313671875000000e+04
3.587619531250000000e+04
3.064606054687500000e+04
3.937783593750000000e+04
3.412876953125000000e+04
3.405668750000000000e+04
2.985834570312500000e+04
3.166426562500000000e+04
4.265599218750000000e+04
3.395466015625000000e+04
4.349248046875000000e+04
3.673711718750000000e+04
3.531564062500000000e+04
4.377263281250000000e+04
4.073757421875000000e+04
3.145676171875000000e+04
3.271141015625000000e+04
3.775790625000000000e+04
3.956221484375000000e+04
3.131451953125000000e+04
2.967926562500000000e+04
4.052834765625000000e+04
4.175296875000000000e+04
4.315549609375000000e+04
3.931948437500000000e+04
3.524115234375000000e+04
4.146196093750000000e+04
3.124739843750000000e+04
2.879456250000000000e+04
3.009397656250000000e+04
4.467611328125000000e+04
4.237776171875000000e+04
3.727775000000000000e+04
2.636873828125000000e+04
3.833489062500000000e+04
3.441499218750000000e+04
3.880173828125000000e+04
3.037070117187500000e+04
3.384980078125000000e+04
2.758499023437500000e+04
3.790719140625000000e+04
3.711948828125000000e+04
5.500091015625000000e+04
3.467532812500000000e+04
3.256546289062500000e+04
3.623708203125000000e+04
3.761212109375000000e+04
4.012021875000000000e+04
3.324230859375000000e+04
3.984067968750000000e+04
3.347003125000000000e+04
3.603980468750000000e+04
3.236432421875000000e+04
3.175889257812500000e+04
2.781311914062500000e+04
3.662010546875000000e+04
3.341976562500000000e+04
2.811606445312500000e+04
3.603731640625000000e+04
4.215479296875000000e+04
4.023607812500000000e+04
4.037415234375000000e+04
3.731653515625000000e+04
4.253769531250000000e+04
3.806748828125000000e+04
3.544738671875000000e+04
3.890714453125000000e+04
3.165697851562500000e+04
3.924332031250000000e+04
4.078964453125000000e+04
4.526382031250000000e+04
3.791163671875000000e+04
4.132183984375000000e+04
2.845996484375000000e+04
3.340956640625000000e+04
4.119151953125000000e+04
3.966527343750000000e+04
3.949474609375000000e+04
3.806664843750000000e+04
3.286855859375000000e+04
3.572630859375000000e+04
4.613261328125000000e+04
3.796452343750000000e+04
3.627665625000000000e+04
3.660362109375000000e+04
3.997893750000000000e+04
3.608518750000000000e+04
3.296646093750000000e+04
3.109526171875000000e+04
4.500492968750000000e+04
2.919255859375000000e+04
3.319817187500000000e+04
4.349206640625000000e+04
2.883672460937500000e+04
3.934513281250000000e+04
3.773144140625000000e+04
3.953883203125000000e+04
2.933024023437500000e+04
3.897434765625000000e+04
3.517962890625000000e+04
3.096112109375000000e+04
3.753142968750000000e+04
3.433667578125000000e+04
3.991802343750000000e+04
3.435558593750000000e+04
5.162079687500000000e+04
4.340747656250000000e+04
4.092387890625000000e+04
3.296648828125000000e+04
3.144999023437500000e+04
3.182705859375000000e+04
4.550801171875000000e+04
3.342295312500000000e+04
3.235302539062500000e+04
4.063282031250000000e+04
3.309469921875000000e+04
4.029396484375000000e+04
3.172796289062500000e+04
3.021233398437500000e+04
3.219490429687500000e+04
3.835432812500000000e+04
3.450365625000000000e+04
3.478620312500000000e+04
3.733831250000000000e+04
2.984201171875000000e+04
3.347939453125000000e+04
3.548513281250000000e+04
3.289917187500000000e+04
3.344872656250000000e+04
4.005891406250000000e+04
3.437329296875000000e+04
3.346752734375000000e+04
3.538047265625000000e+04
2.816877539062500000e+04
3.528252343750000000e+04
3.362997265625000000e+04
3.735058593750000000e+04
4.243116015625000000e+04
2.912340625000000000e+04
4.523528125000000000e+04
3.447806250000000000e+04
4.651242578125000000e+04
3.186305859375000000e+04
3.078720898437500000e+04
3.492969921875000000e+04
3.782448046875000000e+04
3.102868359375000000e+04
3.506379296875000000e+04
3.552212500000000000e+04
4.067604687500000000e+04
3.651719140625000000e+04
4.566069140625000000e+04
4.054494531250000000e+04
3.283193359375000000e+04
3.876856250000000000e+04
2.550142773437500000e+04
4.024796093750000000e+04
3.525888281250000000e+04
3.212984960937500000e+04
3.090947460937500000e+04
3.845824218750000000e+04
3.908793359375000000e+04
3.421039062500000000e+04
3.168630273437500000e+04
3.914441406250000000e+04
4.069208203125000000e+04
4.261086328125000000e+04
3.867919140625000000e+04
3.409291406250000000e+04
2.800208789062500000e+04
3.810140234375000000e+04
3.675897656250000000e+04
3.447970703125000000e+04
3.902250390625000000e+04
3.022833593750000000e+04
3.829335546875000000e+04
3.089383203125000000e+04
3.393291796875000000e+04
2.932918554687500000e+04
3.117957421875000000e+04
2.930654296875000000e+04
4.340328906250000000e+04
2.891762890625000000e+04
3.204445507812500000e+04
3.755851953125000000e+04
2.887624609375000000e+04
3.617398046875000000e+04
2.783883789062500000e+04
4.599093750000000000e+04
3.273073632812500000e+04
3.413123828125000000e+04
2.653575781250000000e+04
3.988048437500000000e+04
3.604593750000000000e+04
3.091844726562500000e+04
3.365932031250000000e+04
3.009778710937500000e+04
4.184435937500000000e+04
3.705631640625000000e+04
3.796216796875000000e+04
3.962592968750000000e+04
3.486635937500000000e+04
3.912480468750000000e+04
2.744239648437500000e+04
3.975413281250000000e+04
3.039862890625000000e+04
3.590487500000000000e+04
2.758009570312500000e+04
3.595560156250000000e+04
2.840793554687500000e+04
3.550241796875000000e+04
4.077604687500000000e+04
3.337219921875000000e+04
4.326329296875000000e+04
3.407384375000000000e+04
3.298578515625000000e+04
2.680952148437500000e+04
2.920317578125000000e+04
3.474969921875000000e+04
3.962080468750000000e+04
3.994216406250000000e+04
2.797101953125000000e+04
3.256893945312500000e+04
3.361856640625000000e+04
3.819140625000000000e+04
3.321118750000000000e+04
3.052974023437500000e+04
3.752821484375000000e+04
3.216038867187500000e+04
3.877108203125000000e+04
3.660836718750000000e+04
3.813625000000000000e+04
3.240302929687500000e+04
3.111529296875000000e+04
3.021443750000000000e+04
2.683292382812500000e+04
3.932644531250000000e+04
3.445269921875000000e+04
3.449939843750000000e+04
2.797669531250000000e+04
3.178897460937500000e+04
3.900069531250000000e+04
2.516432812500000000e+04
3.263635546875000000e+04
3.652941796875000000e+04
4.294780859375000000e+04
3.964354687500000000e+04
3.559458984375000000e+04
3.621386328125000000e+04
3.070880078125000000e+04
3.965732812500000000e+04
3.593131250000000000e+04
3.817935937500000000e+04
4.242087109375000000e+04
3.579409375000000000e+04
2.389849218750000000e+04
3.493997265625000000e+04
3.180675585937500000e+04
3.686865625000000000e+04
3.959573437500000000e+04
3.964209375000000000e+04
3.981416406250000000e+04
3.250260351562500000e+04
2.597005468750000000e+04
3.698006640625000000e+04
3.677351562500000000e+04
2.856682226562500000e+04
4.323684765625000000e+04
3.512282421875000000e+04
2.806000976562500000e+04
3.549375390625000000e+04
4.069451171875000000e+04
2.631476757812500000e+04
4.005412890625000000e+04
3.720337109375000000e+04
3.112448828125000000e+04
3.792980859375000000e+04
3.015810937500000000e+04
3.992640234375000000e+04
3.907933984375000000e+04
3.960568359375000000e+04
3.231229882812500000e+04
4.257059375000000000e+04
3.212836328125000000e+04
2.897739453125000000e+04
2.938965234375000000e+04
4.071929687500000000e+04
3.154334765625000000e+04
3.570067578125000000e+04
2.302305078125000000e+04
3.039353320312500000e+04
4.132548828125000000e+04
3.891678515625000000e+04
3.569884375000000000e+04
4.024590234375000000e+04
3.260754296875000000e+04
3.595741796875000000e+04
3.665315234375000000e+04
2.901898437500000000e+04
3.372415625000000000e+04
3.549152343750000000e+04
4.147162890625000000e+04
3.574742578125000000e+04
3.483856640625000000e+04
4.450821875000000000e+04
3.309876171875000000e+04
3.252352343750000000e+04
3.819298828125000000e+04
3.472399609375000000e+04
3.636719921875000000e+04
4.094310546875000000e+04
4.124026171875000000e+04
4.031857812500000000e+04
3.747276171875000000e+04
4.548550000000000000e+04
4.005283593750000000e+04
2.865332421875000000e+04
3.804282812500000000e+04
3.740685156250000000e+04
2.353919726562500000e+04
3.416979687500000000e+04
3.639174218750000000e+04
2.876888085937500000e+04
3.228426953125000000e+04
2.857591992187500000e+04
3.730140234375000000e+04
2.851356640625000000e+04
3.456703125000000000e+04
3.991468750000000000e+04
3.212912109375000000e+04
3.669205859375000000e+04
4.385169531250000000e+04
3.486606640625000000e+04
2.573521093750000000e+04
2.840578320312500000e+04
4.115439843750000000e+04
3.015501367187500000e+04
2.745946875000000000e+04
4.343914843750000000e+04
3.813610546875000000e+04
3.857859375000000000e+04
3.376635546875000000e+04
3.601112500000000000e+04
3.260883789062500000e+04
4.114962890625000000e+04
2.915583007812500000e+04
2.872028710937500000e+04
3.556575781250000000e+04
2.820655468750000000e+04
3.351950390625000000e+04
3.338098046875000000e+04
4.124152734375000000e+04
3.577528906250000000e+04
3.526936718750000000e+04
3.289702734375000000e+04
3.550896093750000000e+04
2.976099218750000000e+04
3.242570117187500000e+04
3.558509765625000000e+04
2.809744531250000000e+04
2.505709765625000000e+04
3.064513476562500000e+04
2.587536132812500000e+04
3.204128515625000000e+04
2.426841992187500000e+04
3.298248437500000000e+04
3.736876562500000000e+04
3.166234960937500000e+04
3.768893750000000000e+04
3.581452343750000000e+04
3.351962890625000000e+04
2.775036523437500000e+04
3.224164843750000000e+04
4.306585156250000000e+04
3.397265625000000000e+04
2.727998242187500000e+04
3.541732812500000000e+04
3.400619531250000000e+04
4.146653125000000000e+04
3.155572656250000000e+04
3.883157812500000000e+04
3.845294921875000000e+04
4.181116015625000000e+04
3.425777343750000000e+04
3.670332812500000000e+04
3.131023828125000000e+04
3.433326953125000000e+04
3.007815625000000000e+04
3.743320312500000000e+04
3.371205859375000000e+04
2.754445507812500000e+04
3.274305273437500000e+04
2.691686523437500000e+04
3.408390234375000000e+04
3.066250390625000000e+04
3.683430078125000000e+04
2.497498437500000000e+04
3.750343750000000000e+04
3.566509375000000000e+04
2.382083007812500000e+04
3.244956640625000000e+04
3.172193554687500000e+04
3.903052343750000000e+04
4.106709765625000000e+04
3.575733593750000000e+04
3.206512890625000000e+04
2.826806445312500000e+04
3.710648828125000000e+04
3.554775390625000000e+04
3.816897656250000000e+04
2.661455273437500000e+04
3.008116210937500000e+04
2.621008593750000000e+04
3.747699609375000000e+04
2.999618164062500000e+04
2.801900585937500000e+04
3.291399218750000000e+04
2.552870117187500000e+04
3.465666796875000000e+04
3.279434375000000000e+04
4.794895312500000000e+04
3.409979687500000000e+04
3.453471484375000000e+04
3.818537109375000000e+04
3.209384570312500000e+04
3.964611328125000000e+04
4.449321093750000000e+04
4.023952734375000000e+04
3.421996484375000000e+04
3.438153515625000000e+04
3.719526171875000000e+04
3.574954296875000000e+04
3.564448046875000000e+04
2.817728320312500000e+04
3.024962695312500000e+04
3.347416015625000000e+04
4.205031640625000000e+04
3.694982812500000000e+04
3.134668164062500000e+04
3.468631250000000000e+04
3.326840625000000000e+04
3.488210156250000000e+04
3.019464453125000000e+04
2.889508593750000000e+04
3.617092578125000000e+04
3.134601953125000000e+04
2.479279882812500000e+04
3.499757812500000000e+04
4.795451562500000000e+04
2.850252929687500000e+04
3.271893945312500000e+04
3.179523046875000000e+04
4.444825390625000000e+04
3.488664453125000000e+04
3.833813281250000000e+04
3.857666406250000000e+04
3.242633203125000000e+04
3.424724218750000000e+04
4.053020703125000000e+04
3.429000000000000000e+04
2.592360937500000000e+04
3.470405078125000000e+04
3.274258984375000000e+04
3.487643359375000000e+04
4.039810546875000000e+04
3.592420312500000000e+04
3.897869140625000000e+04
3.080194335937500000e+04
3.427581640625000000e+04
2.916119335937500000e+04
3.528541015625000000e+04
2.950491796875000000e+04
3.331253906250000000e+04
2.593072656250000000e+04
3.667124609375000000e+04
3.638011718750000000e+04
4.136342187500000000e+04
4.031085937500000000e+04
3.629092187500000000e+04
3.568539453125000000e+04
3.365677343750000000e+04
2.949920703125000000e+04
2.711605078125000000e+04
3.168590625000000000e+04
3.614130859375000000e+04
3.486716796875000000e+04
3.455097265625000000e+04
3.946221093750000000e+04
2.812124218750000000e+04
3.514139843750000000e+04
3.667056250000000000e+04
3.050540039062500000e+04
3.768309375000000000e+04
3.632941796875000000e+04
2.988578515625000000e+04
3.793652343750000000e+04
3.854730078125000000e+04
3.554441015625000000e+04
3.102107421875000000e+04
3.832549218750000000e+04
2.951016015625000000e+04
3.373834765625000000e+04
3.657103515625000000e+04
4.171267578125000000e+04
3.049189648437500000e+04
2.896683398437500000e+04
3.497169140625000000e+04
3.474585937500000000e+04
3.481133984375000000e+04
3.691710546875000000e+04
3.457314453125000000e+04
4.021919140625000000e+04
3.481616406250000000e+04
3.927280859375000000e+04
3.754667187500000000e+04
3.100787500000000000e+04
2.633446484375000000e+04
3.766803515625000000e+04
4.005444531250000000e+04
3.316766406250000000e+04
3.227996289062500000e+04
3.247898437500000000e+04
3.483907421875000000e+04
3.041929296875000000e+04
3.126006250000000000e+04
3.020202539062500000e+04
3.497889062500000000e+04
3.401005859375000000e+04
3.819289453125000000e+04
3.388384765625000000e+04
3.572593359375000000e+04
3.216100976562500000e+04
3.033231250000000000e+04
3.530451171875000000e+04
3.130532031250000000e+04
3.242156445312500000e+04
2.999540234375000000e+04
3.614117187500000000e+04
3.001030859375000000e+04
2.995905859375000000e+04
3.549157031250000000e+04
3.485835546875000000e+04
3.125659765625000000e+04
4.534920312500000000e+04
2.582202343750000000e+04
3.694382812500000000e+04
3.364821484375000000e+04
4.000810937500000000e+04
3.095666406250000000e+04
3.780614453125000000e+04
4.219687109375000000e+04
3.104713281250000000e+04
3.916337890625000000e+04
3.593880859375000000e+04
3.311977343750000000e+04
2.806163085937500000e+04
2.407431445312500000e+04
3.093978320312500000e+04
2.798682226562500000e+04
2.830413671875000000e+04
3.060446289062500000e+04
3.583621875000000000e+04
3.275524804687500000e+04
3.218189257812500000e+04
4.380490234375000000e+04
3.628591406250000000e+04
3.728510937500000000e+04
3.240167578125000000e+04
4.118891796875000000e+04
3.634148046875000000e+04
3.853385546875000000e+04
4.405220312500000000e+04
3.093416406250000000e+04
2.728926171875000000e+04
3.558225390625000000e+04
3.458284765625000000e+04
2.771180859375000000e+04
3.029641015625000000e+04
2.992820312500000000e+04
2.939445898437500000e+04
4.116221875000000000e+04
3.621885937500000000e+04
4.151173437500000000e+04
2.859839648437500000e+04
3.574128125000000000e+04
2.716826367187500000e+04
3.211550585937500000e+04
3.491233593750000000e+04
3.122085742187500000e+04
3.037875781250000000e+04
3.535277343750000000e+04
2.754710937500000000e+04
3.327200781250000000e+04
2.580026953125000000e+04
3.077978906250000000e+04
3.442119531250000000e+04
2.821154882812500000e+04
3.755767968750000000e+04
3.236499414062500000e+04
3.000301953125000000e+04
3.045598828125000000e+04
3.024926171875000000e+04
2.706931445312500000e+04
3.474226562500000000e+04
2.839717382812500000e+04
3.210303320312500000e+04
2.699233984375000000e+04
2.594910546875000000e+04
3.723593750000000000e+04
3.179358593750000000e+04
3.789279687500000000e+04
3.217788476562500000e+04
3.467516406250000000e+04
3.852887500000000000e+04
3.804096093750000000e+04
2.425004296875000000e+04
4.034343359375000000e+04
3.240509960937500000e+04
3.401578906250000000e+04
3.437605078125000000e+04
4.074497265625000000e+04
3.697485937500000000e+04
3.010627148437500000e+04
3.322578515625000000e+04
3.681825390625000000e+04
3.426325781250000000e+04
3.355950000000000000e+04
3.633269140625000000e+04
3.552342187500000000e+04
2.831842578125000000e+04
3.421904296875000000e+04
3.116814062500000000e+04
3.589333203125000000e+04
2.869329296875000000e+04
3.180614257812500000e+04
3.988908984375000000e+04
3.531532421875000000e+04
2.486555859375000000e+04
2.431641015625000000e+04
3.200046093750000000e+04
4.151719921875000000e+04
3.856519531250000000e+04
3.764281250000000000e+04
3.441528125000000000e+04
3.701218750000000000e+04
3.251997070312500000e+04
2.695705468750000000e+04
3.916325000000000000e+04
3.441130859375000000e+04
3.149954687500000000e+04
3.426026171875000000e+04
3.512971484375000000e+04
3.765753515625000000e+04
2.863425000000000000e+04
3.842531250000000000e+04
3.922510156250000000e+04
2.261957617187500000e+04
3.193456445312500000e+04
2.351848437500000000e+04
3.914899218750000000e+04
3.609392187500000000e+04
3.223305273437500000e+04
3.154151757812500000e+04
3.277078125000000000e+04
3.675174218750000000e+04
2.956155078125000000e+04
3.863853515625000000e+04
3.224621093750000000e+04
4.242218359375000000e+04
2.788314453125000000e+04
3.075137500000000000e+04
2.674336914062500000e+04
2.749336328125000000e+04
3.156105273437500000e+04
3.595786718750000000e+04
3.014797460937500000e+04
2.737733789062500000e+04
3.465697265625000000e+04
3.409542187500000000e+04
3.602806640625000000e+04
3.085370117187500000e+04
3.345088281250000000e+04
3.403414843750000000e+04
3.288778125000000000e+04
3.156035742187500000e+04
3.515117968750000000e+04
3.521339843750000000e+04
3.168010546875000000e+04
3.498682031250000000e+04
3.467455078125000000e+04
4.115310937500000000e+04
4.116521484375000000e+04
2.711861132812500000e+04
3.243364257812500000e+04
3.292033203125000000e+04
3.000491992187500000e+04
3.045269335937500000e+04
3.590734765625000000e+04
3.663328125000000000e+04
4.159198828125000000e+04
3.504939062500000000e+04
2.602019335937500000e+04
3.295633203125000000e+04
2.927850781250000000e+04
3.658330468750000000e+04
3.115959179687500000e+04
2.982858007812500000e+04
4.193537890625000000e+04
3.563252343750000000e+04
3.815118359375000000e+04
3.548194921875000000e+04
3.170048828125000000e+04
3.438196875000000000e+04
3.179600976562500000e+04
3.851160937500000000e+04
2.890988867187500000e+04
3.010780859375000000e+04
2.742879687500000000e+04
3.509750781250000000e+04
3.018462500000000000e+04
3.224396875000000000e+04
2.937844921875000000e+04
2.907683789062500000e+04
3.405418359375000000e+04
3.278562109375000000e+04
3.513574218750000000e+04
3.611895703125000000e+04
3.101695898437500000e+04
3.594235937500000000e+04
4.377711718750000000e+04
4.361557812500000000e+04
3.604060156250000000e+04
3.215856250000000000e+04
3.189738476562500000e+04
3.193057617187500000e+04
3.439700000000000000e+04
3.730907812500000000e+04
3.249802148437500000e+04
3.489194140625000000e+04
3.858933203125000000e+04
3.415213281250000000e+04
3.481730468750000000e+04
3.210606640625000000e+04
3.003065234375000000e+04
3.507683203125000000e+04
3.698118359375000000e+04
2.730158203125000000e+04
3.136483984375000000e+04
2.847361523437500000e+04
3.807930859375000000e+04
1.954638671875000000e+04
3.046480273437500000e+04
3.596939843750000000e+04
3.788217968750000000e+04
3.437475781250000000e+04
3.612709765625000000e+04
2.859114648437500000e+04
3.128516406250000000e+04
4.160198828125000000e+04
2.986335937500000000e+04
2.894277734375000000e+04
3.699397656250000000e+04
3.029099414062500000e+04
2.831942187500000000e+04
3.288346484375000000e+04
3.817869921875000000e+04
3.505365234375000000e+04
2.962206640625000000e+04
3.021840625000000000e+04
2.797700195312500000e+04
3.072414453125000000e+04
3.630700390625000000e+04
3.681535937500000000e+04
3.591733593750000000e+04
3.994768359375000000e+04
3.901789062500000000e+04
3.298393359375000000e+04
3.601271875000000000e+04
3.168332031250000000e+04
2.426815625000000000e+04
3.222803710937500000e+04
2.669491601562500000e+04
3.175265820312500000e+04
3.662972265625000000e+04
2.817149218750000000e+04
4.020642578125000000e+04
3.824749609375000000e+04
2.559470507812500000e+04
2.708011328125000000e+04
4.107164453125000000e+04
3.562873437500000000e+04
3.258732421875000000e+04
3.529605078125000000e+04
3.538579687500000000e+04
2.419844531250000000e+04
3.306237500000000000e+04
3.285215625000000000e+04
3.413052343750000000e+04
3.259909375000000000e+04
3.356284765625000000e+04
2.802360937500000000e+04
3.182821484375000000e+04
3.862565234375000000e+04
3.074351367187500000e+04
3.356672265625000000e+04
3.395368359375000000e+04
3.161125195312500000e+04
3.321840625000000000e+04
2.974156250000000000e+04
3.113076367187500000e+04
3.306301562500000000e+04
3.589076953125000000e+04
3.912036328125000000e+04
3.399058203125000000e+04
3.435667968750000000e+04
2.758255273437500000e+04
3.229996875000000000e+04
3.544251953125000000e+04
4.049643750000000000e+04
3.087456835937500000e+04
3.158319531250000000e+04
3.846805859375000000e+04
4.238654687500000000e+04
3.159851367187500000e+04
3.783908984375000000e+04
2.970371679687500000e+04
3.019311914062500000e+04
3.491603906250000000e+04
3.081323828125000000e+04
2.747596093750000000e+04
2.962535937500000000e+04
3.638797656250000000e+04
3.606685156250000000e+04
2.758374804687500000e+04
3.750859765625000000e+04
3.107645507812500000e+04
2.903309765625000000e+04
2.928715820312500000e+04
2.590917187500000000e+04
3.357652343750000000e+04
3.371731250000000000e+04
3.403291796875000000e+04
2.629341015625000000e+04
2.822856835937500000e+04
2.517182812500000000e+04
3.022925390625000000e+04
1.825376367187500000e+04
3.263617968750000000e+04
3.219347851562500000e+04
3.312009765625000000e+04
3.901597656250000000e+04
3.209687890625000000e+04
3.150776953125000000e+04
3.035816992187500000e+04
4.026812890625000000e+04
3.422727343750000000e+04
3.800333593750000000e+04
3.448249218750000000e+04
2.291917382812500000e+04
3.142714648437500000e+04
4.230574609375000000e+04
3.556847656250000000e+04
3.612180468750000000e+04
3.354980859375000000e+04
3.097493554687500000e+04
3.376585546875000000e+04
3.249240039062500000e+04
3.109551171875000000e+04
4.098929687500000000e+04
2.850320117187500000e+04
3.650573828125000000e+04
2.765975585937500000e+04
3.428141406250000000e+04
4.445939843750000000e+04
3.169991601562500000e+04
4.207504296875000000e+04
3.294411328125000000e+04
2.525458984375000000e+04
2.915417968750000000e+04
3.869267968750000000e+04
3.661952734375000000e+04
3.113622460937500000e+04
3.537838671875000000e+04
2.959701953125000000e+04
2.792993554687500000e+04
3.850121093750000000e+04
4.452093750000000000e+04
3.195495312500000000e+04
3.268646093750000000e+04
3.723438281250000000e+04
3.741194140625000000e+04
4.452640625000000000e+04
2.555032031250000000e+04
3.665671875000000000e+04
2.952442578125000000e+04
2.978749804687500000e+04
2.799529101562500000e+04
3.560587890625000000e+04
3.975592578125000000e+04
2.995757031250000000e+04
3.085101953125000000e+04
2.534409375000000000e+04
3.535302343750000000e+04
3.035360742187500000e+04
3.132707031250000000e+04
3.430411718750000000e+04
3.493722265625000000e+04
3.307246093750000000e+04
3.027865820312500000e+04
3.186912500000000000e+04
3.032158789062500000e+04
3.869559765625000000e+04
3.516599609375000000e+04
3.270318164062500000e+04
2.300989648437500000e+04
3.203477539062500000e+04
3.897172265625000000e+04
3.107272851562500000e+04
3.193002929687500000e+04
4.352997265625000000e+04
3.737059765625000000e+04
1.722820312500000000e+04
3.136022070312500000e+04
2.633951953125000000e+04
3.319447265625000000e+04
3.838464062500000000e+04
3.609827734375000000e+04
2.946370312500000000e+04
4.200273046875000000e+04
3.062833593750000000e+04
3.574167578125000000e+04
2.471642578125000000e+04
3.290666406250000000e+04
3.514906640625000000e+04
3.704556250000000000e+04
3.006138671875000000e+04
3.963850000000000000e+04
2.942468750000000000e+04
2.952199609375000000e+04
3.874108593750000000e+04
3.242196484375000000e+04
2.740143554687500000e+04
3.310965234375000000e+04
2.405843164062500000e+04
3.569646484375000000e+04
3.301166406250000000e+04
2.327531835937500000e+04
2.893080859375000000e+04
3.909129296875000000e+04
3.094072851562500000e+04
3.028567968750000000e+04
4.113834375000000000e+04
2.863955859375000000e+04
2.789125195312500000e+04
3.648596875000000000e+04
3.535703906250000000e+04
3.020754296875000000e+04
2.845639453125000000e+04
3.235408984375000000e+04
2.570627929687500000e+04
3.583005078125000000e+04
3.020643359375000000e+04
2.175348046875000000e+04
3.732042968750000000e+04
3.691605859375000000e+04
3.851078125000000000e+04
3.286418750000000000e+04
3.490039062500000000e+04
3.871232421875000000e+04
3.587296093750000000e+04
3.153398437500000000e+04
4.749626171875000000e+04
3.648901171875000000e+04
3.680724218750000000e+04
2.992374023437500000e+04
3.126563281250000000e+04
3.412193750000000000e+04
3.642873437500000000e+04
3.302417578125000000e+04
3.435357421875000000e+04
3.292545312500000000e+04
4.052777343750000000e+04
3.063915625000000000e+04
4.235475781250000000e+04
2.546700390625000000e+04
4.088245312500000000e+04
3.395658593750000000e+04
2.529212109375000000e+04
3.322728125000000000e+04
3.551167578125000000e+04
2.912720312500000000e+04
4.054878906250000000e+04
4.101662500000000000e+04
2.596194921875000000e+04
3.237199218750000000e+04
2.894192382812500000e+04
3.615643750000000000e+04
3.478263281250000000e+04
3.772401171875000000e+04
3.887357031250000000e+04
2.836937890625000000e+04
3.404024218750000000e+04
3.710166406250000000e+04
3.623454687500000000e+04
3.942825390625000000e+04
2.826926562500000000e+04
2.642942187500000000e+04
3.538714062500000000e+04
3.487386328125000000e+04
2.888107812500000000e+04
3.283257812500000000e+04
2.952739062500000000e+04
2.851409960937500000e+04
3.232695117187500000e+04
2.951094335937500000e+04
2.939440039062500000e+04
3.904960937500000000e+04
4.548268359375000000e+04
3.708073828125000000e+04
3.175132226562500000e+04
3.204692382812500000e+04
2.734370507812500000e+04
3.625967578125000000e+04
3.334125390625000000e+04
2.732834960937500000e+04
3.090856640625000000e+04
2.740380273437500000e+04
3.772733203125000000e+04
3.511157031250000000e+04
2.896877343750000000e+04
2.905736132812500000e+04
3.699826562500000000e+04
3.885665625000000000e+04
2.781595507812500000e+04
3.346355468750000000e+04
3.559177343750000000e+04
3.318496484375000000e+04
3.541216406250000000e+04
3.243333984375000000e+04
2.789862695312500000e+04
3.250903515625000000e+04
4.273325000000000000e+04
3.381587500000000000e+04
3.241388867187500000e+04
3.036468945312500000e+04
2.971959375000000000e+04
2.917843945312500000e+04
2.746676367187500000e+04
3.751128906250000000e+04
2.823837109375000000e+04
4.194376953125000000e+04
3.262355273437500000e+04
2.872257226562500000e+04
2.366186328125000000e+04
2.722803906250000000e+04
3.569940625000000000e+04
2.882585351562500000e+04
2.674189843750000000e+04
2.959436328125000000e+04
2.908517187500000000e+04
3.381698046875000000e+04
3.067735156250000000e+04
3.338758593750000000e+04
3.612926562500000000e+04
3.237566796875000000e+04
3.771545312500000000e+04
2.681884570312500000e+04
3.026117773437500000e+04
3.662826562500000000e+04
3.656182812500000000e+04
3.674307812500000000e+04
4.001049609375000000e+04
3.054067187500000000e+04
2.991980664062500000e+04
2.849910546875000000e+04
3.241511328125000000e+04
2.639365039062500000e+04
3.800445312500000000e+04
2.589588085937500000e+04
3.250098437500000000e+04
4.244967578125000000e+04
3.633330468750000000e+04
3.206676171875000000e+04
2.823505468750000000e+04
4.531063281250000000e+04
2.984864648437500000e+04
3.794635937500000000e+04
3.080239648437500000e+04
3.954173437500000000e+04
3.196596875000000000e+04
2.896516406250000000e+04
3.020666210937500000e+04
2.456330078125000000e+04
2.495565429687500000e+04
3.164253906250000000e+04
3.559017187500000000e+04
2.568822656250000000e+04
4.397256250000000000e+04
3.541098046875000000e+04
2.848480078125000000e+04
3.970933593750000000e+04
3.251465820312500000e+04
3.241012304687500000e+04
3.819534765625000000e+04
2.982449609375000000e+04
3.036315234375000000e+04
3.155125976562500000e+04
2.988932226562500000e+04
2.979851171875000000e+04
3.181200195312500000e+04
4.243500390625000000e+04
3.170822656250000000e+04
3.313667968750000000e+04
3.786207031250000000e+04
3.076354882812500000e+04
4.241694140625000000e+04
3.072890234375000000e+04
2.932682812500000000e+04
3.773732421875000000e+04
3.490120312500000000e+04
3.023270117187500000e+04
3.473451171875000000e+04
3.372473437500000000e+04
3.044535156250000000e+04
2.982874804687500000e+04
3.377897656250000000e+04
3.049050000000000000e+04
3.279669531250000000e+04
3.295516796875000000e+04
4.298955468750000000e+04
3.254267382812500000e+04
3.405859765625000000e+04
3.551119921875000000e+04
3.255926367187500000e+04
3.308535546875000000e+04
3.250419140625000000e+04
2.519048828125000000e+04
4.275290625000000000e+04
3.373591406250000000e+04
3.947903125000000000e+04
3.157503320312500000e+04
2.830926562500000000e+04
2.514381640625000000e+04
4.212946875000000000e+04
3.285227734375000000e+04
1.959303710937500000e+04
3.065955859375000000e+04
2.865277148437500000e+04
3.471644531250000000e+04
3.524407812500000000e+04
3.734026953125000000e+04
3.294977343750000000e+04
3.030163281250000000e+04
3.346680859375000000e+04
3.688980078125000000e+04
3.036158593750000000e+04
3.229533984375000000e+04
3.076007617187500000e+04
3.037973046875000000e+04
4.350567187500000000e+04
2.911076367187500000e+04
3.182864843750000000e+04
3.801873046875000000e+04
3.509370703125000000e+04
3.325788671875000000e+04
3.753386328125000000e+04
3.489980468750000000e+04
3.762825390625000000e+04
3.331181640625000000e+04
3.816450781250000000e+04
2.623751367187500000e+04
4.232228906250000000e+04
3.589988671875000000e+04
3.778523437500000000e+04
3.224372265625000000e+04
3.132524218750000000e+04
2.830071289062500000e+04
3.168000976562500000e+04
3.665803515625000000e+04
3.736651562500000000e+04
2.676701953125000000e+04
3.826030859375000000e+04
2.498909960937500000e+04
2.447503906250000000e+04
3.350108203125000000e+04
3.277792968750000000e+04
3.098691992187500000e+04
2.882470312500000000e+04
3.572239843750000000e+04
2.927549609375000000e+04
4.161038671875000000e+04
4.148685937500000000e+04
3.028017578125000000e+04
3.552729687500000000e+04
3.082120312500000000e+04
2.921678515625000000e+04
3.743387109375000000e+04
2.690130273437500000e+04
3.574261328125000000e+04
2.716432226562500000e+04
2.747186328125000000e+04
3.536750390625000000e+04
3.007806640625000000e+04
2.517778710937500000e+04
3.627878515625000000e+04
3.386602343750000000e+04
2.976240429687500000e+04
2.371977539062500000e+04
3.943223828125000000e+04
3.565395703125000000e+04
2.399823828125000000e+04
3.278181640625000000e+04
3.342557812500000000e+04
3.732967578125000000e+04
3.757448828125000000e+04
3.848371875000000000e+04
3.276363085937500000e+04
3.365924609375000000e+04
3.596056640625000000e+04
2.638999804687500000e+04
3.201183593750000000e+04
3.009923242187500000e+04
3.674253125000000000e+04
3.382990234375000000e+04
3.265550585937500000e+04
3.515812890625000000e+04
2.986099414062500000e+04
2.756518750000000000e+04
3.108872851562500000e+04
2.068509960937500000e+04
4.349840234375000000e+04
3.339546484375000000e+04
3.092893164062500000e+04
2.355452343750000000e+04
3.549949218750000000e+04
3.087493359375000000e+04
3.099286523437500000e+04
3.716266015625000000e+04
3.540450390625000000e+04
4.024665234375000000e+04
3.628113671875000000e+04
3.539687890625000000e+04
3.618306640625000000e+04
3.762341406250000000e+04
2.426829492187500000e+04
3.829563281250000000e+04
2.983198242187500000e+04
2.839766992187500000e+04
3.761841015625000000e+04
3.248144140625000000e+04
3.635093750000000000e+04
3.034754687500000000e+04
2.940844335937500000e+04
2.948167773437500000e+04
3.673262109375000000e+04
3.376876171875000000e+04
2.799240234375000000e+04
4.191201562500000000e+04
3.157424023437500000e+04
3.123257421875000000e+04
3.544041015625000000e+04
3.692971875000000000e+04
2.842588281250000000e+04
3.400107421875000000e+04
2.941446875000000000e+04
2.264993750000000000e+04
3.000968750000000000e+04
3.442489453125000000e+04
2.941205078125000000e+04
3.899239843750000000e+04
3.793341796875000000e+04
3.669388671875000000e+04
3.170774804687500000e+04
2.563933398437500000e+04
3.340325781250000000e+04
2.778360742187500000e+04
2.965310546875000000e+04
3.224103515625000000e+04
3.412219531250000000e+04
3.334869531250000000e+04
3.091404101562500000e+04
3.379253515625000000e+04
3.390971875000000000e+04
3.049990429687500000e+04
2.784137500000000000e+04
2.847839843750000000e+04
3.669465625000000000e+04
2.939594335937500000e+04
2.867442968750000000e+04
2.949703125000000000e+04
2.636825390625000000e+04
2.715994140625000000e+04
3.544380078125000000e+04
3.983638281250000000e+04
3.835886718750000000e+04
2.661661523437500000e+04
3.278196093750000000e+04
2.882489453125000000e+04
2.560967187500000000e+04
3.548832421875000000e+04
2.607979296875000000e+04
3.364937890625000000e+04
3.446674218750000000e+04
3.940455859375000000e+04
3.563564453125000000e+04
4.150937109375000000e+04
3.482950390625000000e+04
2.985273828125000000e+04
3.434743359375000000e+04
3.419270703125000000e+04
2.873388671875000000e+04
3.316853125000000000e+04
3.137608203125000000e+04
3.209814062500000000e+04
3.400994921875000000e+04
3.438476562500000000e+04
2.841778906250000000e+04
2.640451367187500000e+04
3.315376953125000000e+04
3.801482421875000000e+04
4.032665234375000000e+04
3.901810156250000000e+04
3.589978515625000000e+04
3.906355859375000000e+04
2.843023437500000000e+04
3.184995312500000000e+04
4.069518750000000000e+04
3.224304492187500000e+04
3.014486523437500000e+04
2.785720703125000000e+04
3.375033203125000000e+04
3.184863476562500000e+04
3.058935351562500000e+04
3.315145703125000000e+04
3.738022265625000000e+04
1.933786328125000000e+04
2.554296679687500000e+04
3.538286328125000000e+04
3.046963867187500000e+04
3.268304296875000000e+04
3.328423046875000000e+04
3.090056835937500000e+04
3.280395312500000000e+04
4.475986328125000000e+04
2.693084570312500000e+04
2.677180664062500000e+04
2.825250390625000000e+04
3.948200390625000000e+04
3.124593164062500000e+04
2.624996484375000000e+04
2.524708398437500000e+04
3.711647656250000000e+04
2.016467187500000000e+04
3.665409765625000000e+04
2.580671093750000000e+04
3.531721093750000000e+04
2.769950000000000000e+04
3.118005664062500000e+04
3.173223046875000000e+04
3.047798828125000000e+04
3.003908593750000000e+04
2.741893945312500000e+04
2.801537109375000000e+04
3.315528906250000000e+04
2.731737304687500000e+04
3.253885742187500000e+04
3.427113671875000000e+04
2.991815234375000000e+04
2.906295117187500000e+04
2.693011523437500000e+04
2.648956445312500000e+04
3.278884375000000000e+04
2.637686523437500000e+04
3.281959765625000000e+04
2.712503515625000000e+04
3.756211328125000000e+04
3.108152343750000000e+04
2.917659960937500000e+04
2.102547851562500000e+04
3.229235937500000000e+04
3.926579687500000000e+04
3.119382617187500000e+04
3.570900000000000000e+04
2.536532617187500000e+04
2.224753515625000000e+04
2.828979882812500000e+04
3.429190625000000000e+04
3.013930468750000000e+04
3.300089843750000000e+04
3.474941796875000000e+04
3.761457812500000000e+04
2.671675000000000000e+04
3.081088476562500000e+04
4.092425781250000000e+04
3.488223437500000000e+04
3.044270898437500000e+04
3.897519531250000000e+04
3.104988281250000000e+04
3.708136718750000000e+04
3.124846289062500000e+04
3.482954687500000000e+04
3.207883789062500000e+04
3.342046875000000000e+04
2.911904687500000000e+04
3.073594921875000000e+04
2.496056640625000000e+04
2.903465429687500000e+04
3.113741015625000000e+04
2.807903710937500000e+04
3.684935546875000000e+04
3.566258593750000000e+04
2.732301367187500000e+04
2.593826562500000000e+04
3.373062890625000000e+04
2.570403515625000000e+04
2.633660937500000000e+04
3.031348242187500000e+04
3.090353125000000000e+04
3.182746093750000000e+04
2.895616015625000000e+04
4.342781250000000000e+04
4.043122265625000000e+04
2.746858593750000000e+04
3.407136718750000000e+04
3.929708593750000000e+04
4.303168359375000000e+04
3.360101953125000000e+04
3.043075390625000000e+04
2.722077539062500000e+04
3.838635546875000000e+04
3.324935546875000000e+04
3.463302734375000000e+04
3.421532421875000000e+04
3.260550195312500000e+04
2.589906640625000000e+04
2.833160546875000000e+04
2.808596289062500000e+04
3.079637500000000000e+04
3.160087890625000000e+04
3.362979296875000000e+04
3.418997265625000000e+04
2.371669726562500000e+04
3.867498046875000000e+04
3.572242578125000000e+04
2.610317382812500000e+04
3.382857812500000000e+04
2.386859960937500000e+04
3.323466796875000000e+04
2.788133398437500000e+04
3.243073242187500000e+04
2.736778320312500000e+04
3.043569335937500000e+04
3.151460351562500000e+04
3.163781640625000000e+04
2.942860742187500000e+04
3.438999609375000000e+04
3.449590234375000000e+04
3.131769531250000000e+04
2.549335742187500000e+04
2.341065039062500000e+04
3.660368359375000000e+04
3.085671289062500000e+04
3.124171484375000000e+04
3.038847656250000000e+04
3.639931250000000000e+04
3.735936328125000000e+04
3.900902734375000000e+04
2.857351757812500000e+04
3.598447656250000000e+04
3.795958984375000000e+04
3.142991601562500000e+04
3.453212109375000000e+04
3.266405859375000000e+04
3.173064453125000000e+04
2.420474414062500000e+04
3.777285937500000000e+04
3.712411328125000000e+04
2.722437500000000000e+04
3.153345703125000000e+04
2.996270312500000000e+04
3.148733203125000000e+04
2.994775976562500000e+04
2.742524804687500000e+04
4.240444921875000000e+04
3.416784765625000000e+04
2.437889843750000000e+04
3.454231250000000000e+04
2.100225195312500000e+04
4.210768750000000000e+04
3.455221484375000000e+04
3.142863671875000000e+04
3.696225390625000000e+04
3.491976171875000000e+04
2.856209960937500000e+04
2.790786132812500000e+04
2.564602734375000000e+04
2.952570507812500000e+04
3.252272265625000000e+04
3.748020703125000000e+04
2.741796289062500000e+04
3.013039062500000000e+04
3.373992968750000000e+04
2.538203125000000000e+04
2.779599609375000000e+04
3.224478320312500000e+04
3.640283984375000000e+04
2.701580468750000000e+04
3.491961328125000000e+04
2.598345898437500000e+04
3.285558593750000000e+04
2.069650976562500000e+04
4.284165234375000000e+04
3.376373046875000000e+04
2.453602148437500000e+04
2.913760351562500000e+04
2.775699804687500000e+04
3.387104687500000000e+04
2.728794531250000000e+04
3.923021875000000000e+04
2.532086914062500000e+04
2.588726562500000000e+04
2.754767382812500000e+04
3.586048046875000000e+04
3.125171289062500000e+04
2.763668359375000000e+04
2.591544531250000000e+04
3.639769140625000000e+04
3.399430468750000000e+04
3.157885546875000000e+04
2.917745898437500000e+04
2.955183593750000000e+04
3.187377148437500000e+04
3.330748437500000000e+04
2.334833398437500000e+04
3.018197656250000000e+04
3.311428906250000000e+04
3.122050000000000000e+04
2.600717773437500000e+04
3.055854492187500000e+04
2.538263281250000000e+04
2.499116796875000000e+04
2.397085546875000000e+04
3.435234375000000000e+04
2.922576367187500000e+04
3.177456054687500000e+04
3.227330468750000000e+04
2.656874609375000000e+04
3.053463867187500000e+04
3.616118359375000000e+04
2.595396093750000000e+04
3.894953125000000000e+04
2.919220312500000000e+04
3.598619921875000000e+04
3.223119140625000000e+04
2.737234765625000000e+04
3.331035937500000000e+04
2.811858398437500000e+04
2.738461132812500000e+04
3.246633398437500000e+04
2.707202734375000000e+04
3.734707812500000000e+04
3.084860742187500000e+04
2.986372460937500000e+04
3.529463281250000000e+04
2.584489648437500000e+04
3.151058789062500000e+04
2.843805078125000000e+04
2.782177148437500000e+04
3.697042968750000000e+04
3.251463867187500000e+04
2.766979492187500000e+04
3.663889062500000000e+04
3.996958984375000000e+04
3.782008203125000000e+04
3.035173437500000000e+04
2.791881835937500000e+04
2.415669921875000000e+04
3.156381054687500000e+04
3.263521875000000000e+04
2.957716796875000000e+04
3.177966601562500000e+04
3.902799218750000000e+04
3.192276757812500000e+04
3.684714843750000000e+04
3.188137695312500000e+04
2.514217773437500000e+04
2.916056054687500000e+04
3.728709765625000000e+04
2.794601757812500000e+04
3.562737500000000000e+04
3.020293359375000000e+04
3.304841796875000000e+04
2.732361523437500000e+04
3.259265820312500000e+04
3.372019531250000000e+04
3.177309570312500000e+04
3.029568554687500000e+04
2.583145703125000000e+04
3.386655078125000000e+04
2.674425585937500000e+04
3.259961523437500000e+04
2.953058398437500000e+04
2.272363476562500000e+04
3.863701562500000000e+04
3.186310351562500000e+04
3.399207031250000000e+04
2.435696484375000000e+04
3.591585937500000000e+04
2.922377929687500000e+04
2.507039062500000000e+04
2.853290625000000000e+04
3.182018554687500000e+04
3.375083593750000000e+04
3.776579687500000000e+04
3.157244140625000000e+04
2.811310156250000000e+04
3.302305859375000000e+04
4.250676562500000000e+04
3.185496875000000000e+04
2.761347656250000000e+04
3.056479296875000000e+04
2.897350976562500000e+04
2.897913671875000000e+04
3.381710156250000000e+04
4.147272265625000000e+04
3.323725000000000000e+04
3.463419531250000000e+04
3.009908398437500000e+04
2.124082812500000000e+04
3.108181835937500000e+04
2.475974414062500000e+04
2.953489453125000000e+04
3.269814257812500000e+04
3.347282421875000000e+04
3.025517578125000000e+04
3.116743359375000000e+04
2.739275781250000000e+04
3.008026367187500000e+04
2.548223828125000000e+04
2.726942773437500000e+04
2.491147265625000000e+04
3.709958984375000000e+04
3.126814062500000000e+04
3.062963281250000000e+04
2.596201562500000000e+04
2.503353320312500000e+04
3.314369921875000000e+04
3.416960546875000000e+04
2.885798437500000000e+04
2.488526562500000000e+04
2.837487500000000000e+04
2.575018945312500000e+04
3.114316210937500000e+04
3.688691796875000000e+04
2.769339062500000000e+04
2.416712500000000000e+04
2.072048828125000000e+04
2.916713867187500000e+04
2.535515234375000000e+04
3.297494140625000000e+04
2.375869140625000000e+04
3.370108203125000000e+04
2.919019140625000000e+04
3.070159765625000000e+04
3.941480859375000000e+04
3.295807812500000000e+04
3.257254687500000000e+04
2.891677148437500000e+04
2.951202539062500000e+04
2.666661523437500000e+04
3.247675000000000000e+04
4.223106640625000000e+04
3.388310156250000000e+04
3.351667578125000000e+04
3.596151562500000000e+04
3.360374218750000000e+04
2.784384570312500000e+04
3.097403906250000000e+04
2.743445703125000000e+04
2.559319726562500000e+04
3.953101171875000000e+04
3.203934570312500000e+04
3.454703906250000000e+04
2.737414257812500000e+04
2.699835156250000000e+04
2.529384375000000000e+04
3.819050781250000000e+04
3.493095703125000000e+04
3.640448828125000000e+04
3.133261718750000000e+04
3.148023632812500000e+04
3.106408007812500000e+04
2.638851171875000000e+04
2.682393750000000000e+04
3.156484375000000000e+04
3.080106054687500000e+04
3.232745898437500000e+04
2.723569726562500000e+04
2.969496679687500000e+04
2.697054296875000000e+04
3.360650781250000000e+04
3.867128125000000000e+04
3.818694140625000000e+04
2.826770898437500000e+04
3.276429492187500000e+04
3.628585156250000000e+04
3.359289062500000000e+04
3.262554492187500000e+04
3.520994531250000000e+04
3.843031640625000000e+04
2.542325585937500000e+04
3.042437695312500000e+04
3.015440625000000000e+04
2.002841015625000000e+04
2.352293554687500000e+04
2.779234570312500000e+04
3.607639062500000000e+04
3.124581640625000000e+04
3.273061328125000000e+04
2.855012304687500000e+04
2.784991406250000000e+04
3.267969140625000000e+04
3.379536328125000000e+04
3.084871484375000000e+04
2.654050000000000000e+04
2.188205468750000000e+04
2.907124218750000000e+04
3.213352343750000000e+04
2.650686914062500000e+04
3.081590820312500000e+04
3.501481640625000000e+04
3.352562109375000000e+04
3.141208984375000000e+04
3.973201953125000000e+04
2.721215820312500000e+04
3.248582421875000000e+04
3.135414648437500000e+04
2.615431640625000000e+04
3.465239843750000000e+04
3.129182031250000000e+04
2.466199218750000000e+04
3.393058984375000000e+04
3.365886718750000000e+04
2.863967382812500000e+04
3.934277343750000000e+04
3.016171484375000000e+04
3.064790820312500000e+04
3.226670117187500000e+04
3.424691406250000000e+04
3.787398046875000000e+04
2.303205273437500000e+04
2.748761523437500000e+04
2.859123437500000000e+04
2.296351757812500000e+04
3.018646875000000000e+04
3.240217773437500000e+04
3.263672851562500000e+04
3.163766601562500000e+04
2.687574218750000000e+04
3.251431250000000000e+04
3.714657031250000000e+04
3.722498437500000000e+04
2.631428125000000000e+04
1.666101757812500000e+04
3.078647851562500000e+04
3.284725390625000000e+04
2.857565039062500000e+04
2.270756445312500000e+04
2.978078710937500000e+04
3.004944726562500000e+04
2.775365820312500000e+04
3.603869531250000000e+04
2.682074218750000000e+04
2.458203515625000000e+04
2.246348632812500000e+04
3.596681640625000000e+04
2.853396875000000000e+04
3.044608789062500000e+04
2.732844531250000000e+04
3.013976757812500000e+04
2.782300781250000000e+04
3.530022656250000000e+04
3.254075976562500000e+04
2.852966210937500000e+04
3.247712304687500000e+04
3.131702148437500000e+04
2.348999609375000000e+04
2.805697070312500000e+04
3.085069921875000000e+04
2.744630859375000000e+04
2.517121484375000000e+04
3.166451953125000000e+04
2.727024609375000000e+04
3.656208593750000000e+04
3.376640625000000000e+04
3.219913867187500000e+04
3.522766796875000000e+04
2.639575781250000000e+04
3.354659765625000000e+04
3.662828906250000000e+04
2.837369921875000000e+04
3.697518359375000000e+04
3.624198046875000000e+04
2.787637890625000000e+04
4.119394921875000000e+04
2.688609375000000000e+04
3.059430468750000000e+04
2.366097070312500000e+04
3.827499609375000000e+04
1.913380078125000000e+04
3.086006250000000000e+04
2.876602734375000000e+04
2.992768359375000000e+04
2.885572851562500000e+04
2.461054296875000000e+04
2.821137890625000000e+04
3.558598437500000000e+04
2.818059179687500000e+04
2.656348046875000000e+04
3.184991015625000000e+04
4.312318750000000000e+04
3.432564453125000000e+04
2.826561328125000000e+04
2.878373046875000000e+04
3.434113671875000000e+04
3.617640625000000000e+04
4.303220312500000000e+04
2.946663671875000000e+04
3.380507812500000000e+04
3.244189843750000000e+04
2.411837890625000000e+04
2.730328906250000000e+04
3.013220507812500000e+04
3.153715234375000000e+04
3.464747656250000000e+04
2.939420703125000000e+04
2.642762500000000000e+04
2.867780078125000000e+04
3.166326562500000000e+04
2.175795703125000000e+04
3.451777734375000000e+04
2.613333593750000000e+04
3.450283984375000000e+04
3.951562500000000000e+04
2.758496484375000000e+04
2.746535937500000000e+04
2.994971484375000000e+04
3.027702929687500000e+04
3.304369140625000000e+04
2.741526367187500000e+04
2.727843164062500000e+04
3.175388867187500000e+04
3.563655078125000000e+04
3.496578906250000000e+04
2.531932812500000000e+04
3.339501953125000000e+04
2.701891406250000000e+04
3.615049218750000000e+04
3.245706445312500000e+04
2.765529101562500000e+04
3.665662890625000000e+04
3.367158593750000000e+04
2.608128906250000000e+04
3.441996093750000000e+04
3.405938671875000000e+04
2.437662500000000000e+04
2.400326367187500000e+04
3.795690234375000000e+04
3.646991015625000000e+04
2.904198437500000000e+04
3.356766796875000000e+04
3.437691406250000000e+04
2.849412304687500000e+04
2.943125781250000000e+04
2.603216992187500000e+04
2.391360742187500000e+04
3.480402734375000000e+04
3.103708398437500000e+04
2.973820117187500000e+04
3.274464648437500000e+04
2.111750195312500000e+04
3.387300781250000000e+04
3.016487500000000000e+04
2.609527539062500000e+04
3.333584765625000000e+04
3.843994921875000000e+04
2.780911914062500000e+04
2.523196093750000000e+04
3.693830859375000000e+04
3.325742578125000000e+04
2.793124414062500000e+04
2.665697460937500000e+04
2.043947851562500000e+04
2.636458789062500000e+04
2.821948242187500000e+04
3.176890820312500000e+04
3.040771289062500000e+04
3.117914062500000000e+04
2.334076562500000000e+04
2.543455078125000000e+04
2.737514453125000000e+04
3.064781445312500000e+04
2.686694726562500000e+04
2.381963867187500000e+04
3.253992187500000000e+04
2.673075585937500000e+04
2.999748242187500000e+04
3.118651757812500000e+04
2.450892968750000000e+04
3.785294531250000000e+04
3.308480468750000000e+04
4.097923828125000000e+04
3.015309570312500000e+04
3.368105859375000000e+04
3.039073632812500000e+04
2.587616210937500000e+04
2.803057031250000000e+04
3.000022851562500000e+04
2.687583984375000000e+04
3.277313671875000000e+04
3.113280273437500000e+04
2.541763867187500000e+04
2.894248632812500000e+04
2.917171875000000000e+04
2.278114648437500000e+04
2.181207421875000000e+04
2.781399023437500000e+04
3.016795507812500000e+04
3.607805078125000000e+04
2.794187890625000000e+04
3.417655468750000000e+04
3.929842578125000000e+04
3.239272265625000000e+04
2.553659960937500000e+04
3.291639453125000000e+04
2.995225000000000000e+04
2.534645312500000000e+04
2.278174023437500000e+04
3.489290625000000000e+04
2.735731640625000000e+04
3.253178710937500000e+04
3.884517578125000000e+04
2.681551953125000000e+04
3.386627734375000000e+04
3.234312109375000000e+04
2.525593750000000000e+04
3.158484765625000000e+04
2.584099414062500000e+04
2.916762500000000000e+04
2.747243554687500000e+04
2.915796093750000000e+04
2.578558984375000000e+04
3.472289843750000000e+04
3.138131445312500000e+04
3.373928125000000000e+04
4.067674609375000000e+04
2.773802539062500000e+04
2.930763476562500000e+04
3.218294140625000000e+04
3.283634375000000000e+04
2.643499804687500000e+04
1.847465429687500000e+04
2.842918554687500000e+04
3.089653125000000000e+04
3.182150390625000000e+04
3.453454687500000000e+04
3.026723828125000000e+04
2.554088867187500000e+04
2.337488281250000000e+04
3.268085937500000000e+04
3.170065039062500000e+04
3.219721093750000000e+04
3.560029687500000000e+04
2.817406640625000000e+04
3.308266015625000000e+04
3.355718359375000000e+04
3.967478515625000000e+04
3.255071289062500000e+04
1.953601757812500000e+04
3.484762109375000000e+04
3.141050781250000000e+04
3.010751171875000000e+04
2.255246484375000000e+04
3.196209375000000000e+04
2.461139062500000000e+04
3.656992578125000000e+04
2.743279296875000000e+04
2.341182226562500000e+04
2.679113476562500000e+04
3.238670312500000000e+04
2.910013476562500000e+04
3.116617968750000000e+04
3.363130859375000000e+04
2.855262500000000000e+04
3.131938085937500000e+04
2.969163281250000000e+04
3.182068164062500000e+04
3.813359765625000000e+04
2.980921875000000000e+04
3.205969335937500000e+04
3.137446679687500000e+04
1.709769335937500000e+04
2.717856250000000000e+04
3.753922656250000000e+04
3.184444140625000000e+04
2.340504687500000000e+04
2.898492187500000000e+04
2.783945703125000000e+04
3.768960546875000000e+04
3.333680468750000000e+04
3.193893750000000000e+04
3.030922070312500000e+04
2.831246289062500000e+04
3.866859765625000000e+04
2.157066015625000000e+04
3.216838085937500000e+04
3.165072656250000000e+04
3.045436328125000000e+04
3.517180859375000000e+04
2.824029882812500000e+04
2.980327734375000000e+04
2.491559960937500000e+04
4.169018359375000000e+04
3.360482421875000000e+04
2.197928515625000000e+04
2.889490234375000000e+04
2.979633984375000000e+04
3.457938671875000000e+04
3.430044531250000000e+04
3.234165820312500000e+04
3.316135156250000000e+04
2.790414453125000000e+04
2.498014843750000000e+04
4.013843750000000000e+04
2.217952148437500000e+04
3.597554296875000000e+04
2.853351953125000000e+04
2.722987109375000000e+04
3.103644335937500000e+04
3.269033789062500000e+04
2.294272851562500000e+04
2.286456835937500000e+04
3.030092187500000000e+04
2.294813281250000000e+04
3.516322265625000000e+04
2.850146679687500000e+04
2.997994531250000000e+04
2.250328320312500000e+04
3.190898632812500000e+04
2.639042773437500000e+04
3.273435742187500000e+04
3.592308593750000000e+04
2.625852929687500000e+04
2.715414648437500000e+04
2.953159179687500000e+04
2.856351953125000000e+04
3.695458203125000000e+04
2.880916601562500000e+04
2.446377734375000000e+04
3.092717773437500000e+04
3.487189062500000000e+04
3.330489843750000000e+04
2.429592382812500000e+04
3.343039453125000000e+04
3.220682812500000000e+04
2.177904296875000000e+04
2.688085351562500000e+04
2.791013085937500000e+04
3.267041796875000000e+04
3.588735546875000000e+04
3.321091015625000000e+04
2.424578710937500000e+04
2.555237500000000000e+04
2.651189843750000000e+04
3.009342578125000000e+04
3.476864453125000000e+04
3.019467382812500000e+04
2.883216601562500000e+04
3.163143945312500000e+04
3.433998828125000000e+04
3.618414843750000000e+04
3.086530273437500000e+04
2.840328710937500000e+04
3.498905078125000000e+04
2.844937500000000000e+04
2.892876367187500000e+04
3.327521484375000000e+04
3.692605859375000000e+04
3.022481445312500000e+04
3.253917382812500000e+04
3.501539062500000000e+04
2.400176367187500000e+04
3.113138867187500000e+04
2.368406250000000000e+04
3.491620312500000000e+04
3.217378320312500000e+04
2.723219531250000000e+04
3.692191796875000000e+04
2.527011718750000000e+04
2.497270703125000000e+04
2.854590234375000000e+04
3.152054296875000000e+04
2.482090625000000000e+04
3.593939062500000000e+04
2.426021093750000000e+04
3.187565820312500000e+04
2.785767968750000000e+04
2.492326757812500000e+04
3.447562109375000000e+04
3.300941406250000000e+04
3.717885156250000000e+04
2.587387109375000000e+04
2.982595703125000000e+04
2.754128320312500000e+04
2.860818164062500000e+04
3.008926171875000000e+04
2.684854101562500000e+04
2.350478906250000000e+04
3.139633007812500000e+04
3.498148828125000000e+04
2.935414843750000000e+04
2.979175781250000000e+04
2.230337500000000000e+04
2.726366601562500000e+04
3.083655859375000000e+04
2.771761718750000000e+04
2.806314648437500000e+04
3.157650195312500000e+04
2.631940820312500000e+04
3.011567968750000000e+04
2.639998828125000000e+04
2.740046484375000000e+04
2.669623632812500000e+04
2.668462890625000000e+04
3.066616796875000000e+04
2.416822460937500000e+04
2.046226757812500000e+04
2.197332617187500000e+04
2.924780468750000000e+04
3.204460351562500000e+04
2.704143945312500000e+04
1.914046093750000000e+04
2.291447656250000000e+04
3.394693750000000000e+04
3.315009375000000000e+04
2.240815820312500000e+04
3.506137500000000000e+04
3.021327148437500000e+04
2.760207617187500000e+04
3.617960937500000000e+04
2.926803320312500000e+04
2.933174414062500000e+04
3.422657421875000000e+04
2.693153320312500000e+04
3.222275390625000000e+04
2.993243750000000000e+04
2.553516406250000000e+04
2.783495898437500000e+04
2.658283203125000000e+04
2.435594335937500000e+04
2.596084179687500000e+04
2.520687695312500000e+04
2.813692187500000000e+04
3.123780664062500000e+04
2.608851171875000000e+04
3.132365820312500000e+04
3.105117968750000000e+04
2.556849804687500000e+04
3.800161718750000000e+04
1.881295507812500000e+04
2.930500195312500000e+04
2.457617187500000000e+04
2.712216406250000000e+04
2.256746875000000000e+04
2.963721093750000000e+04
3.018074804687500000e+04
3.110570312500000000e+04
2.780341406250000000e+04
2.434920898437500000e+04
3.234790625000000000e+04
2.847469921875000000e+04
2.819819921875000000e+04
2.956146289062500000e+04
2.850943164062500000e+04
2.400684179687500000e+04
2.465151562500000000e+04
2.320941992187500000e+04
2.903504882812500000e+04
3.081933984375000000e+04
2.623661523437500000e+04
1.860114843750000000e+04
3.014645312500000000e+04
2.256457031250000000e+04
2.719378515625000000e+04
2.479543750000000000e+04
3.173135156250000000e+04
1.978618945312500000e+04
2.527031250000000000e+04
3.384903515625000000e+04
2.199642773437500000e+04
2.443947851562500000e+04
3.449364843750000000e+04
3.354705859375000000e+04
2.457689257812500000e+04
2.230928515625000000e+04
2.962831054687500000e+04
3.013325781250000000e+04
3.078213085937500000e+04
3.242055664062500000e+04
2.372445898437500000e+04
2.980601171875000000e+04
3.061720117187500000e+04
3.031201171875000000e+04
2.950061132812500000e+04
2.744364843750000000e+04
2.116036328125000000e+04
2.983301171875000000e+04
2.576611914062500000e+04
2.477830664062500000e+04
1.926269726562500000e+04
2.474938281250000000e+04
2.338613867187500000e+04
3.252271679687500000e+04
2.422545898437500000e+04
3.132725976562500000e+04
2.186309570312500000e+04
3.386304296875000000e+04
2.509708984375000000e+04
3.521791796875000000e+04
2.846389257812500000e+04
2.487424218750000000e+04
2.649976367187500000e+04
2.688754882812500000e+04
3.122378515625000000e+04
2.940187304687500000e+04
3.272822460937500000e+04
3.244502148437500000e+04
2.996453906250000000e+04
2.904506445312500000e+04
3.101362304687500000e+04
3.159378906250000000e+04
2.925765039062500000e+04
3.368684765625000000e+04
2.677169335937500000e+04
2.409043945312500000e+04
2.580046093750000000e+04
2.354532031250000000e+04
2.453049218750000000e+04
2.630881054687500000e+04
3.443065625000000000e+04
2.278955664062500000e+04
3.101969140625000000e+04
3.002515625000000000e+04
1.929533203125000000e+04
2.989185937500000000e+04
3.025431445312500000e+04
2.090041601562500000e+04
3.224056640625000000e+04
2.056569335937500000e+04
2.882267578125000000e+04
3.163560351562500000e+04
2.752884960937500000e+04
2.666180664062500000e+04
2.452407812500000000e+04
3.500051171875000000e+04
2.722873046875000000e+04
3.168998242187500000e+04
2.699182617187500000e+04
2.757506054687500000e+04
2.372730859375000000e+04
2.367253710937500000e+04
2.862378906250000000e+04
2.169570312500000000e+04
1.799448242187500000e+04
2.169603906250000000e+04
2.546589648437500000e+04
3.552698046875000000e+04
3.508061328125000000e+04
2.823512304687500000e+04
3.156247851562500000e+04
2.211358984375000000e+04
2.968598046875000000e+04
2.441890429687500000e+04
4.138451171875000000e+04
2.238063671875000000e+04
2.659341015625000000e+04
3.818664453125000000e+04
2.912107226562500000e+04
2.150765625000000000e+04
2.393152929687500000e+04
3.105756640625000000e+04
2.677229882812500000e+04
2.925545898437500000e+04
2.473083789062500000e+04
2.649017773437500000e+04
3.179702343750000000e+04
2.920912890625000000e+04
2.965871875000000000e+04
2.403771484375000000e+04
3.458226562500000000e+04
3.264661718750000000e+04
2.409671875000000000e+04
2.233741015625000000e+04
2.338151757812500000e+04
2.533243554687500000e+04
2.794161718750000000e+04
3.626913671875000000e+04
2.845951171875000000e+04
2.255716796875000000e+04
2.925676953125000000e+04
2.259606445312500000e+04
2.645105468750000000e+04
3.751734375000000000e+04
2.403463867187500000e+04
2.752464062500000000e+04
3.305133593750000000e+04
3.233773242187500000e+04
2.137740625000000000e+04
2.880877148437500000e+04
2.054742382812500000e+04
3.055782226562500000e+04
2.637420507812500000e+04
2.879591210937500000e+04
3.353498828125000000e+04
3.040466210937500000e+04
2.638744531250000000e+04
2.674266015625000000e+04
3.107631445312500000e+04
2.230628125000000000e+04
2.513707421875000000e+04
2.854721289062500000e+04
2.716813867187500000e+04
2.920535156250000000e+04
2.227232812500000000e+04
4.019673828125000000e+04
2.939675976562500000e+04
2.490632812500000000e+04
2.325632617187500000e+04
3.186401953125000000e+04
3.158094921875000000e+04
3.880928125000000000e+04
3.311421093750000000e+04
2.338702148437500000e+04
2.604328320312500000e+04
2.706675585937500000e+04
2.580005664062500000e+04
2.635984179687500000e+04
2.030288671875000000e+04
3.595453125000000000e+04
2.631285546875000000e+04
3.033361718750000000e+04
2.948748046875000000e+04
1.901214843750000000e+04
2.470857812500000000e+04
2.509737695312500000e+04
2.429951367187500000e+04
3.047812304687500000e+04
2.699035156250000000e+04
3.130996679687500000e+04
2.387395898437500000e+04
2.753732031250000000e+04
2.696780664062500000e+04
2.762910742187500000e+04
3.281849609375000000e+04
2.594147070312500000e+04
3.257996093750000000e+04
2.043255859375000000e+04
2.404144921875000000e+04
2.469391406250000000e+04
3.383909765625000000e+04
2.828005078125000000e+04
3.398261718750000000e+04
3.006144140625000000e+04
2.614025390625000000e+04
2.468351562500000000e+04
2.903799414062500000e+04
1.568393261718750000e+04
2.324027734375000000e+04
2.427307031250000000e+04
2.320920703125000000e+04
3.316494921875000000e+04
2.323862304687500000e+04
2.414980664062500000e+04
3.198011523437500000e+04
3.678406640625000000e+04
2.977767773437500000e+04
2.709199804687500000e+04
3.568342578125000000e+04
2.107342382812500000e+04
3.514968750000000000e+04
2.326771875000000000e+04
3.329689843750000000e+04
2.798996679687500000e+04
2.886401757812500000e+04
2.823911718750000000e+04
2.381613281250000000e+04
2.635382031250000000e+04
2.851375390625000000e+04
2.523648828125000000e+04
2.656477539062500000e+04
3.411985156250000000e+04
2.866874609375000000e+04
2.222408203125000000e+04
1.833648242187500000e+04
2.495874414062500000e+04
3.739091406250000000e+04
2.222321484375000000e+04
2.498919531250000000e+04
2.154188671875000000e+04
2.631834179687500000e+04
2.829514843750000000e+04
2.225559765625000000e+04
2.284283789062500000e+04
1.942717578125000000e+04
3.333278125000000000e+04
3.082759179687500000e+04
2.023059570312500000e+04
2.750199609375000000e+04
2.381473632812500000e+04
2.722400000000000000e+04
2.570320117187500000e+04
2.296949609375000000e+04
2.356235546875000000e+04
2.785726171875000000e+04
2.413016015625000000e+04
2.767309765625000000e+04
3.502877343750000000e+04
2.118139062500000000e+04
3.022825585937500000e+04
3.063265429687500000e+04
2.396989648437500000e+04
2.778886718750000000e+04
2.904574609375000000e+04
2.280357226562500000e+04
3.137500000000000000e+04
2.799270312500000000e+04
3.394170312500000000e+04
2.910659570312500000e+04
3.184143359375000000e+04
2.685227539062500000e+04
2.669116601562500000e+04
3.049791601562500000e+04
2.543776757812500000e+04
2.438067773437500000e+04
2.646207812500000000e+04
2.130971875000000000e+04
2.765284179687500000e+04
2.168752148437500000e+04
2.862208203125000000e+04
2.140483398437500000e+04
3.042402343750000000e+04
3.396731640625000000e+04
3.834108593750000000e+04
2.837585937500000000e+04
2.905801953125000000e+04
2.751692382812500000e+04
2.889664843750000000e+04
2.511111328125000000e+04
2.429590429687500000e+04
2.753154101562500000e+04
1.969965820312500000e+04
2.241393359375000000e+04
2.959189843750000000e+04
2.949817968750000000e+04
3.243450195312500000e+04
3.108524023437500000e+04
1.830031835937500000e+04
2.873818750000000000e+04
2.141006250000000000e+04
2.681334179687500000e+04
3.130595117187500000e+04
3.571516406250000000e+04
2.297865039062500000e+04
1.835404882812500000e+04
2.350602929687500000e+04
2.419546093750000000e+04
2.645296289062500000e+04
3.419933203125000000e+04
1.870522070312500000e+04
3.394661328125000000e+04
3.355400390625000000e+04
2.523042187500000000e+04
2.424610742187500000e+04
2.991956250000000000e+04
2.897869140625000000e+04
2.591630664062500000e+04
2.652999218750000000e+04
2.631779296875000000e+04
2.039069921875000000e+04
2.204154296875000000e+04
2.705038281250000000e+04
1.836622851562500000e+04
3.062361718750000000e+04
2.731783984375000000e+04
3.062331835937500000e+04
1.977149414062500000e+04
2.742916406250000000e+04
2.724252148437500000e+04
2.915916601562500000e+04
2.535368750000000000e+04
2.524018554687500000e+04
3.201335351562500000e+04
2.881983007812500000e+04
2.760681250000000000e+04
3.086906250000000000e+04
2.973411132812500000e+04
1.670222851562500000e+04
2.942186328125000000e+04
2.401243945312500000e+04
2.275768750000000000e+04
2.662225000000000000e+04
2.864597070312500000e+04
3.418749609375000000e+04
2.565564843750000000e+04
2.880753125000000000e+04
2.600296484375000000e+04
2.529491015625000000e+04
2.746337695312500000e+04
3.982895703125000000e+04
2.032640429687500000e+04
2.685833789062500000e+04
2.445742382812500000e+04
2.421440039062500000e+04
2.893212304687500000e+04
2.940814648437500000e+04
1.865081054687500000e+04
2.511184375000000000e+04
4.079953906250000000e+04
2.566790429687500000e+04
2.936400781250000000e+04
2.899128125000000000e+04
