2.293779687500000000e+05
1.442300937500000000e+05
1.419435312500000000e+05
1.392512812500000000e+05
1.391440312500000000e+05
1.380801250000000000e+05
1.266683750000000000e+05
1.271916953125000000e+05
1.336754531250000000e+05
1.167876640625000000e+05
1.147928984375000000e+05
1.184907890625000000e+05
9.705683593750000000e+04
9.186375781250000000e+04
1.104717187500000000e+05
1.097545937500000000e+05
8.264688281250000000e+04
9.564692968750000000e+04
9.278049218750000000e+04
8.378503125000000000e+04
9.631725000000000000e+04
9.977310156250000000e+04
8.380540625000000000e+04
1.023356875000000000e+05
7.147199218750000000e+04
9.313695312500000000e+04
8.459430468750000000e+04
7.739156250000000000e+04
8.806223437500000000e+04
8.077932812500000000e+04
7.844678906250000000e+04
8.108438281250000000e+04
7.658457812500000000e+04
9.648147656250000000e+04
6.109816406250000000e+04
6.768459375000000000e+04
7.915410156250000000e+04
7.617621875000000000e+04
7.092832812500000000e+04
7.516837500000000000e+04
7.361332031250000000e+04
7.588393750000000000e+04
6.919578906250000000e+04
5.961389453125000000e+04
5.502105078125000000e+04
8.755094531250000000e+04
8.943567968750000000e+04
7.150449218750000000e+04
7.139255468750000000e+04
7.306627343750000000e+04
8.564426562500000000e+04
6.906094531250000000e+04
6.634021093750000000e+04
7.383940625000000000e+04
6.247217187500000000e+04
7.774872656250000000e+04
5.846639453125000000e+04
5.835215625000000000e+04
6.878639843750000000e+04
5.978644531250000000e+04
5.458687890625000000e+04
8.519225781250000000e+04
7.149991406250000000e+04
6.430547265625000000e+04
5.141328906250000000e+04
6.530172656250000000e+04
5.974895312500000000e+04
5.253606250000000000e+04
6.666282812500000000e+04
6.089928515625000000e+04
6.178923828125000000e+04
5.968255468750000000e+04
5.608794140625000000e+04
5.991339843750000000e+04
6.772510156250000000e+04
5.619953515625000000e+04
6.461498437500000000e+04
6.587396093750000000e+04
6.553201171875000000e+04
5.655716015625000000e+04
5.278087500000000000e+04
5.397035546875000000e+04
6.046840234375000000e+04
6.874400000000000000e+04
6.977806250000000000e+04
7.093503125000000000e+04
6.156150000000000000e+04
7.756208593750000000e+04
7.025915625000000000e+04
5.996700390625000000e+04
5.262185937500000000e+04
6.161802734375000000e+04
5.355611328125000000e+04
6.744646093750000000e+04
4.862375390625000000e+04
5.862900390625000000e+04
7.603337500000000000e+04
5.677637109375000000e+04
6.445003125000000000e+04
6.146860546875000000e+04
7.224187500000000000e+04
5.759181640625000000e+04
7.339360156250000000e+04
6.292982812500000000e+04
5.205869531250000000e+04
6.411023437500000000e+04
6.071723828125000000e+04
3.998546484375000000e+04
6.275424609375000000e+04
6.845448437500000000e+04
6.126378515625000000e+04
4.332866015625000000e+04
5.478580859375000000e+04
6.554778906250000000e+04
6.417515234375000000e+04
7.392303906250000000e+04
6.819546875000000000e+04
5.606054296875000000e+04
5.789772656250000000e+04
6.640960156250000000e+04
5.563412109375000000e+04
6.945877343750000000e+04
6.268063671875000000e+04
6.374380859375000000e+04
6.349070703125000000e+04
5.888932421875000000e+04
5.880392187500000000e+04
5.715825390625000000e+04
8.009130468750000000e+04
5.198248828125000000e+04
4.731261328125000000e+04
5.178962500000000000e+04
6.057217187500000000e+04
6.048779296875000000e+04
6.671725000000000000e+04
6.992611718750000000e+04
5.314108593750000000e+04
6.023331250000000000e+04
6.613468750000000000e+04
7.476556250000000000e+04
5.410041015625000000e+04
6.496553125000000000e+04
6.406625000000000000e+04
5.046395703125000000e+04
6.044135937500000000e+04
5.358880078125000000e+04
5.537449218750000000e+04
4.229774609375000000e+04
5.424032031250000000e+04
5.705979296875000000e+04
5.802390234375000000e+04
6.306574609375000000e+04
6.673901562500000000e+04
6.652851562500000000e+04
5.548332031250000000e+04
5.334849218750000000e+04
5.627319140625000000e+04
5.437364843750000000e+04
3.571192578125000000e+04
6.967842968750000000e+04
5.977833593750000000e+04
6.222820703125000000e+04
5.195280468750000000e+04
5.698958984375000000e+04
5.680031640625000000e+04
4.831422265625000000e+04
5.129564843750000000e+04
5.031841406250000000e+04
6.649993750000000000e+04
5.366864453125000000e+04
6.163877343750000000e+04
4.630518750000000000e+04
5.278900390625000000e+04
6.051200781250000000e+04
4.612039062500000000e+04
6.643478125000000000e+04
5.372545703125000000e+04
7.298178906250000000e+04
4.418821484375000000e+04
6.148989843750000000e+04
4.749590234375000000e+04
5.407611328125000000e+04
6.576728906250000000e+04
5.406990234375000000e+04
4.536332031250000000e+04
5.820917187500000000e+04
6.252325000000000000e+04
5.011961328125000000e+04
4.531428906250000000e+04
5.070826953125000000e+04
5.060137890625000000e+04
4.494728125000000000e+04
5.081048046875000000e+04
4.281485156250000000e+04
5.747637890625000000e+04
5.145164843750000000e+04
3.860258984375000000e+04
4.969537890625000000e+04
6.628310156250000000e+04
5.682249218750000000e+04
5.953175390625000000e+04
5.863189062500000000e+04
5.060269531250000000e+04
4.973253906250000000e+04
4.981848437500000000e+04
5.082853125000000000e+04
4.801137500000000000e+04
5.244102343750000000e+04
5.629096093750000000e+04
6.410932421875000000e+04
7.179582031250000000e+04
5.153711328125000000e+04
6.213353906250000000e+04
5.682043359375000000e+04
5.342232031250000000e+04
6.346850000000000000e+04
4.683308984375000000e+04
5.842334375000000000e+04
6.316334765625000000e+04
4.627728125000000000e+04
5.077962500000000000e+04
4.683041406250000000e+04
5.171389843750000000e+04
4.145096875000000000e+04
4.708176562500000000e+04
4.682372656250000000e+04
5.290067578125000000e+04
4.833350781250000000e+04
5.427028906250000000e+04
4.830251171875000000e+04
5.383892968750000000e+04
3.107409375000000000e+04
5.805844921875000000e+04
5.009923046875000000e+04
5.360336718750000000e+04
4.651779296875000000e+04
5.459452343750000000e+04
4.500611718750000000e+04
6.478575390625000000e+04
3.693083203125000000e+04
5.704601171875000000e+04
6.119374609375000000e+04
6.740692968750000000e+04
3.641793750000000000e+04
3.804094921875000000e+04
4.629274609375000000e+04
4.620139843750000000e+04
5.252431640625000000e+04
4.683900000000000000e+04
4.485350000000000000e+04
4.775902343750000000e+04
3.748702734375000000e+04
3.964419140625000000e+04
4.614605468750000000e+04
4.862244140625000000e+04
4.247305859375000000e+04
5.210103906250000000e+04
4.099558984375000000e+04
4.865087890625000000e+04
4.933803515625000000e+04
4.686286718750000000e+04
4.149418359375000000e+04
4.741383593750000000e+04
5.680649609375000000e+04
5.764096875000000000e+04
4.609236328125000000e+04
4.286890625000000000e+04
4.576607421875000000e+04
5.157361718750000000e+04
5.438199609375000000e+04
5.155718359375000000e+04
5.147960546875000000e+04
4.870496875000000000e+04
5.327228515625000000e+04
4.975681640625000000e+04
4.769018750000000000e+04
3.619366406250000000e+04
4.397721093750000000e+04
4.681045312500000000e+04
5.473978515625000000e+04
5.556289453125000000e+04
5.517479687500000000e+04
4.329559765625000000e+04
4.958251953125000000e+04
5.226052734375000000e+04
4.282873046875000000e+04
4.544376953125000000e+04
3.169399218750000000e+04
4.761505859375000000e+04
4.811855859375000000e+04
3.559680468750000000e+04
5.712321875000000000e+04
3.767963281250000000e+04
3.919656250000000000e+04
5.074322656250000000e+04
3.642247265625000000e+04
4.695080078125000000e+04
4.348832812500000000e+04
5.146641015625000000e+04
4.143783593750000000e+04
4.791153515625000000e+04
4.491586328125000000e+04
4.511469531250000000e+04
4.806000000000000000e+04
3.868679296875000000e+04
4.449127343750000000e+04
4.259042968750000000e+04
3.806739453125000000e+04
4.516295703125000000e+04
4.275943359375000000e+04
4.682450000000000000e+04
4.161623828125000000e+04
4.156874609375000000e+04
4.920786328125000000e+04
4.611853125000000000e+04
4.655485156250000000e+04
4.194568359375000000e+04
5.377597656250000000e+04
3.810220703125000000e+04
3.937853515625000000e+04
4.901263671875000000e+04
5.225992968750000000e+04
4.529590625000000000e+04
4.654879296875000000e+04
4.214160156250000000e+04
4.936792187500000000e+04
4.002695312500000000e+04
5.200472656250000000e+04
4.139580468750000000e+04
4.197206640625000000e+04
4.085827343750000000e+04
3.560172265625000000e+04
5.191586718750000000e+04
4.225875390625000000e+04
4.422689843750000000e+04
3.707473828125000000e+04
3.902426562500000000e+04
5.068676953125000000e+04
4.481894531250000000e+04
2.378941992187500000e+04
3.395652734375000000e+04
4.988636328125000000e+04
3.667318359375000000e+04
3.941735546875000000e+04
5.029262109375000000e+04
3.930439843750000000e+04
4.482477343750000000e+04
4.524520703125000000e+04
2.858841796875000000e+04
5.117416406250000000e+04
4.704237109375000000e+04
4.320992968750000000e+04
3.106368554687500000e+04
4.829594921875000000e+04
4.506026562500000000e+04
4.530150390625000000e+04
4.564898828125000000e+04
5.381685156250000000e+04
4.751407031250000000e+04
3.949414062500000000e+04
4.709365625000000000e+04
5.085901171875000000e+04
5.089608984375000000e+04
3.915326171875000000e+04
3.134899804687500000e+04
5.349715625000000000e+04
3.445861328125000000e+04
3.482845703125000000e+04
2.665194726562500000e+04
4.341585156250000000e+04
4.654694531250000000e+04
4.833434765625000000e+04
3.950732031250000000e+04
5.101069921875000000e+04
5.137969921875000000e+04
4.405603515625000000e+04
4.235639843750000000e+04
4.082946093750000000e+04
4.007016796875000000e+04
4.010839062500000000e+04
4.571998437500000000e+04
3.232990820312500000e+04
3.503422265625000000e+04
5.864410156250000000e+04
3.821321093750000000e+04
4.597890234375000000e+04
3.966652734375000000e+04
4.031990625000000000e+04
5.382410937500000000e+04
3.748971484375000000e+04
5.101621875000000000e+04
3.742458984375000000e+04
5.181722265625000000e+04
3.471134375000000000e+04
5.290850390625000000e+04
4.192775000000000000e+04
5.014488671875000000e+04
4.044076562500000000e+04
4.036741406250000000e+04
4.859125390625000000e+04
4.971088671875000000e+04
4.331936328125000000e+04
4.414093750000000000e+04
3.961535937500000000e+04
4.455565234375000000e+04
5.089802734375000000e+04
3.594347265625000000e+04
4.576351562500000000e+04
3.319839453125000000e+04
3.013368554687500000e+04
4.499457031250000000e+04
4.502875390625000000e+04
4.167036328125000000e+04
4.376425781250000000e+04
2.965769726562500000e+04
4.621789843750000000e+04
3.894993359375000000e+04
4.867340625000000000e+04
4.395018750000000000e+04
3.426854687500000000e+04
4.316311328125000000e+04
5.026788671875000000e+04
4.412357031250000000e+04
4.390785546875000000e+04
5.032995703125000000e+04
4.953240625000000000e+04
4.384960156250000000e+04
4.216523828125000000e+04
3.031191406250000000e+04
4.536625781250000000e+04
5.697382421875000000e+04
3.721301171875000000e+04
3.375159375000000000e+04
4.119969531250000000e+04
4.833442187500000000e+04
3.998741796875000000e+04
4.919267968750000000e+04
4.221067578125000000e+04
4.090342187500000000e+04
4.207322656250000000e+04
4.643864453125000000e+04
4.436733984375000000e+04
4.386926562500000000e+04
3.825255468750000000e+04
2.613712695312500000e+04
3.396557812500000000e+04
3.705871484375000000e+04
4.923846875000000000e+04
3.999823437500000000e+04
3.894984765625000000e+04
4.198201953125000000e+04
4.520472656250000000e+04
3.827421484375000000e+04
3.616170703125000000e+04
3.965503906250000000e+04
4.052267187500000000e+04
4.443482812500000000e+04
3.838701171875000000e+04
4.636306250000000000e+04
3.207580273437500000e+04
4.100303515625000000e+04
3.251258007812500000e+04
4.886986718750000000e+04
3.901030078125000000e+04
3.881510937500000000e+04
4.377543750000000000e+04
4.169153515625000000e+04
4.380166796875000000e+04
4.426357031250000000e+04
3.489871484375000000e+04
4.262259375000000000e+04
3.936925000000000000e+04
4.042580859375000000e+04
5.403067578125000000e+04
3.878591796875000000e+04
3.946245703125000000e+04
3.708223046875000000e+04
2.926139453125000000e+04
3.322692578125000000e+04
3.562255859375000000e+04
3.069186914062500000e+04
3.781100390625000000e+04
3.995182421875000000e+04
4.164884765625000000e+04
4.079572656250000000e+04
3.929587890625000000e+04
3.369670703125000000e+04
3.371276953125000000e+04
4.819272265625000000e+04
4.443281250000000000e+04
2.823911523437500000e+04
4.171869140625000000e+04
4.251658203125000000e+04
3.840724218750000000e+04
3.522166406250000000e+04
3.963289453125000000e+04
3.388611328125000000e+04
4.064963671875000000e+04
4.089014062500000000e+04
5.073498828125000000e+04
