2.367621875000000000e+05
1.622394843750000000e+05
1.391100937500000000e+05
1.276805156250000000e+05
1.432669531250000000e+05
1.418172968750000000e+05
1.234587031250000000e+05
1.221090625000000000e+05
1.093072500000000000e+05
1.137807734375000000e+05
1.100339453125000000e+05
1.124420546875000000e+05
1.015912968750000000e+05
9.909083593750000000e+04
9.432564843750000000e+04
9.509082812500000000e+04
8.388076562500000000e+04
9.204428906250000000e+04
7.332153125000000000e+04
8.486622656250000000e+04
8.026299218750000000e+04
7.651532812500000000e+04
7.023391406250000000e+04
7.978067187500000000e+04
7.271801562500000000e+04
7.204572656250000000e+04
7.403899218750000000e+04
6.654390625000000000e+04
6.557047656250000000e+04
6.875903906250000000e+04
8.628582031250000000e+04
6.927339843750000000e+04
6.199118750000000000e+04
5.676563281250000000e+04
6.032650000000000000e+04
6.149823437500000000e+04
5.706860546875000000e+04
5.853834375000000000e+04
5.379564453125000000e+04
6.789959375000000000e+04
6.035025390625000000e+04
5.422982421875000000e+04
6.341866796875000000e+04
6.633525000000000000e+04
6.312451953125000000e+04
5.134559765625000000e+04
6.591419531250000000e+04
5.496207812500000000e+04
5.787320312500000000e+04
5.039807031250000000e+04
7.353171875000000000e+04
5.527059765625000000e+04
5.974426171875000000e+04
5.204895312500000000e+04
5.325768359375000000e+04
6.069409765625000000e+04
5.472955859375000000e+04
5.378261718750000000e+04
5.487657421875000000e+04
4.871754687500000000e+04
5.403689453125000000e+04
5.975771093750000000e+04
5.512703906250000000e+04
5.228066406250000000e+04
5.706286328125000000e+04
6.177634765625000000e+04
5.704723437500000000e+04
5.613513671875000000e+04
6.472058203125000000e+04
5.257382812500000000e+04
6.262666796875000000e+04
5.873210937500000000e+04
4.650387109375000000e+04
5.519748828125000000e+04
6.662259375000000000e+04
5.784461328125000000e+04
5.718125390625000000e+04
6.106588671875000000e+04
7.421362500000000000e+04
6.122012109375000000e+04
5.784475781250000000e+04
4.014489453125000000e+04
4.536285156250000000e+04
6.053201562500000000e+04
5.830673828125000000e+04
5.410169140625000000e+04
5.425489453125000000e+04
5.039235156250000000e+04
4.454483203125000000e+04
3.903216406250000000e+04
6.306461328125000000e+04
5.720836718750000000e+04
4.807155078125000000e+04
5.288237109375000000e+04
4.810141796875000000e+04
5.733891406250000000e+04
6.270202343750000000e+04
5.335270312500000000e+04
5.398221093750000000e+04
5.016814843750000000e+04
5.203195312500000000e+04
4.844090625000000000e+04
5.029416796875000000e+04
4.675936718750000000e+04
4.052510546875000000e+04
5.003161718750000000e+04
4.666235546875000000e+04
6.167375781250000000e+04
5.504733203125000000e+04
5.147914843750000000e+04
6.651005468750000000e+04
5.174308203125000000e+04
5.108547265625000000e+04
4.317765234375000000e+04
4.476154687500000000e+04
4.927096484375000000e+04
5.788560546875000000e+04
4.976556640625000000e+04
5.631615625000000000e+04
5.062765625000000000e+04
4.438728906250000000e+04
5.073772656250000000e+04
5.023151953125000000e+04
4.922270703125000000e+04
4.068627734375000000e+04
4.608596484375000000e+04
5.984375390625000000e+04
5.036688281250000000e+04
3.985175390625000000e+04
4.302835156250000000e+04
4.926868359375000000e+04
4.588921875000000000e+04
4.062912500000000000e+04
5.077107421875000000e+04
4.734547656250000000e+04
4.249009765625000000e+04
4.695359765625000000e+04
4.889880078125000000e+04
4.411178515625000000e+04
5.287208984375000000e+04
4.861482031250000000e+04
3.822614062500000000e+04
6.496723828125000000e+04
3.767933984375000000e+04
4.663650390625000000e+04
4.907058203125000000e+04
4.806437109375000000e+04
6.069465625000000000e+04
4.246112109375000000e+04
4.446335546875000000e+04
5.180617578125000000e+04
4.294025781250000000e+04
4.813994531250000000e+04
4.725320703125000000e+04
4.358908593750000000e+04
4.709343359375000000e+04
4.873875000000000000e+04
6.028599609375000000e+04
6.116523437500000000e+04
4.953360937500000000e+04
4.203941015625000000e+04
5.550184765625000000e+04
5.100520703125000000e+04
4.933252734375000000e+04
3.959285546875000000e+04
3.680072265625000000e+04
4.096241796875000000e+04
4.982838281250000000e+04
4.337219921875000000e+04
3.561951562500000000e+04
4.094310156250000000e+04
4.979207031250000000e+04
3.862285546875000000e+04
4.209730859375000000e+04
4.547107421875000000e+04
4.113659375000000000e+04
4.785751171875000000e+04
4.458649218750000000e+04
4.084605468750000000e+04
3.041323828125000000e+04
4.227260546875000000e+04
5.264603515625000000e+04
4.368180078125000000e+04
5.433820703125000000e+04
4.310836718750000000e+04
3.884879296875000000e+04
3.819403906250000000e+04
3.954937890625000000e+04
4.160666406250000000e+04
4.630257812500000000e+04
5.223895312500000000e+04
4.453340625000000000e+04
4.372648046875000000e+04
3.350944531250000000e+04
4.864156250000000000e+04
4.703376171875000000e+04
4.129301562500000000e+04
4.056368359375000000e+04
3.929246484375000000e+04
3.731896875000000000e+04
4.613345703125000000e+04
4.807354687500000000e+04
4.056582031250000000e+04
4.248483203125000000e+04
4.373283203125000000e+04
4.255007421875000000e+04
3.660812109375000000e+04
3.521876953125000000e+04
3.637947656250000000e+04
4.995647656250000000e+04
3.484389453125000000e+04
4.426624218750000000e+04
4.003357421875000000e+04
3.865136718750000000e+04
4.097787109375000000e+04
3.988839843750000000e+04
3.690360546875000000e+04
3.084742968750000000e+04
5.191328906250000000e+04
3.257561328125000000e+04
3.547747656250000000e+04
3.534467968750000000e+04
4.366352343750000000e+04
4.354982031250000000e+04
3.992065625000000000e+04
4.390992578125000000e+04
3.494789062500000000e+04
3.564071875000000000e+04
3.710660156250000000e+04
3.575371484375000000e+04
4.432084765625000000e+04
4.259269140625000000e+04
3.182673632812500000e+04
3.688191796875000000e+04
3.167932031250000000e+04
3.812067187500000000e+04
3.832991406250000000e+04
3.737980859375000000e+04
3.484489453125000000e+04
3.860811328125000000e+04
3.932012500000000000e+04
3.355855468750000000e+04
3.733297265625000000e+04
3.843951953125000000e+04
3.516003515625000000e+04
4.823455078125000000e+04
3.753732031250000000e+04
3.335018359375000000e+04
4.765878515625000000e+04
3.946798046875000000e+04
3.358771093750000000e+04
3.806260156250000000e+04
3.623806640625000000e+04
3.470503515625000000e+04
4.052320703125000000e+04
3.327009765625000000e+04
4.639171093750000000e+04
3.446293359375000000e+04
3.495557421875000000e+04
3.341714453125000000e+04
4.225443750000000000e+04
3.897368359375000000e+04
3.342903125000000000e+04
3.663730859375000000e+04
4.658406250000000000e+04
3.946432031250000000e+04
3.869601953125000000e+04
4.053892968750000000e+04
4.212042578125000000e+04
4.325447656250000000e+04
3.921113671875000000e+04
3.683089062500000000e+04
4.073869140625000000e+04
3.879262890625000000e+04
3.433698046875000000e+04
3.580914062500000000e+04
3.918051171875000000e+04
4.168650390625000000e+04
4.376136718750000000e+04
4.216207812500000000e+04
4.619220312500000000e+04
3.770110937500000000e+04
2.878503515625000000e+04
3.583824218750000000e+04
4.001593750000000000e+04
4.544009765625000000e+04
4.187016015625000000e+04
3.793878515625000000e+04
4.111787109375000000e+04
3.716537109375000000e+04
4.012412109375000000e+04
3.536298046875000000e+04
3.897410937500000000e+04
3.661162890625000000e+04
3.833680078125000000e+04
3.879560546875000000e+04
3.614296093750000000e+04
4.327533984375000000e+04
3.362964062500000000e+04
3.418958203125000000e+04
3.496285546875000000e+04
3.154937109375000000e+04
3.749719140625000000e+04
4.720919921875000000e+04
2.800138281250000000e+04
3.262093750000000000e+04
3.258377929687500000e+04
4.014320703125000000e+04
4.582727734375000000e+04
4.109814062500000000e+04
3.608450000000000000e+04
3.733336718750000000e+04
3.973650390625000000e+04
3.755925390625000000e+04
4.142771484375000000e+04
4.387790234375000000e+04
3.424478125000000000e+04
4.306300390625000000e+04
4.234867578125000000e+04
3.372151171875000000e+04
3.903573437500000000e+04
4.249332031250000000e+04
3.741257812500000000e+04
3.620838281250000000e+04
3.932318750000000000e+04
3.857619921875000000e+04
3.742643750000000000e+04
3.946129687500000000e+04
4.222770703125000000e+04
3.299679687500000000e+04
3.556265625000000000e+04
4.007978515625000000e+04
3.639748828125000000e+04
3.988624218750000000e+04
3.889780859375000000e+04
4.496348828125000000e+04
2.719711718750000000e+04
3.887169531250000000e+04
3.402969531250000000e+04
3.884347265625000000e+04
3.428280859375000000e+04
4.462417578125000000e+04
3.383897265625000000e+04
3.999415234375000000e+04
3.564001562500000000e+04
3.576575000000000000e+04
3.702894921875000000e+04
3.257413281250000000e+04
3.625548828125000000e+04
3.455218750000000000e+04
3.818386718750000000e+04
3.884401171875000000e+04
3.717665234375000000e+04
3.029946679687500000e+04
4.488275781250000000e+04
4.053378906250000000e+04
4.293658984375000000e+04
2.896555078125000000e+04
3.645378515625000000e+04
3.116457617187500000e+04
3.550710546875000000e+04
3.747291796875000000e+04
3.747889843750000000e+04
4.647598046875000000e+04
4.038961718750000000e+04
4.031632812500000000e+04
3.341671484375000000e+04
4.713477343750000000e+04
4.049718359375000000e+04
3.895314843750000000e+04
4.829551562500000000e+04
3.287494531250000000e+04
3.620581640625000000e+04
3.771651953125000000e+04
3.271279296875000000e+04
3.228480664062500000e+04
3.392580468750000000e+04
3.406470312500000000e+04
3.843798828125000000e+04
3.978539843750000000e+04
4.277640234375000000e+04
3.979967187500000000e+04
4.154770703125000000e+04
3.759144140625000000e+04
4.041017578125000000e+04
3.747218750000000000e+04
3.320809765625000000e+04
3.608999609375000000e+04
3.354768359375000000e+04
3.725617968750000000e+04
3.843962500000000000e+04
4.132867578125000000e+04
3.397928515625000000e+04
4.081350781250000000e+04
3.847807812500000000e+04
3.808094531250000000e+04
3.785691015625000000e+04
3.669270703125000000e+04
3.282704687500000000e+04
2.888457617187500000e+04
4.167623828125000000e+04
3.982398437500000000e+04
4.127587109375000000e+04
4.088350000000000000e+04
3.623493750000000000e+04
4.066605859375000000e+04
3.528578125000000000e+04
2.943407421875000000e+04
3.215082812500000000e+04
3.717805468750000000e+04
4.012755078125000000e+04
3.410451171875000000e+04
4.276875781250000000e+04
3.697520703125000000e+04
3.899774609375000000e+04
3.446933203125000000e+04
4.123831250000000000e+04
3.613445312500000000e+04
3.446464062500000000e+04
3.453958203125000000e+04
2.989636132812500000e+04
3.171360546875000000e+04
3.177251757812500000e+04
3.649962109375000000e+04
3.719164843750000000e+04
3.683755468750000000e+04
3.841585937500000000e+04
4.257905078125000000e+04
3.577510156250000000e+04
3.540356250000000000e+04
3.565312890625000000e+04
3.789791015625000000e+04
3.566048046875000000e+04
3.377238671875000000e+04
3.651185937500000000e+04
3.034439843750000000e+04
3.242527734375000000e+04
4.142442187500000000e+04
3.952282421875000000e+04
4.945542968750000000e+04
3.373193750000000000e+04
2.732753125000000000e+04
3.082961718750000000e+04
3.548456640625000000e+04
3.643482812500000000e+04
3.378983593750000000e+04
3.730000781250000000e+04
3.194534179687500000e+04
4.259520312500000000e+04
3.028529882812500000e+04
3.059887500000000000e+04
3.214018359375000000e+04
3.168410156250000000e+04
3.024896679687500000e+04
3.918001171875000000e+04
3.346593750000000000e+04
3.919103515625000000e+04
3.912331250000000000e+04
3.598287109375000000e+04
4.039167968750000000e+04
3.699375390625000000e+04
3.531069531250000000e+04
3.011513671875000000e+04
4.340775000000000000e+04
3.144666796875000000e+04
2.993549218750000000e+04
3.550317578125000000e+04
4.158962500000000000e+04
4.289446875000000000e+04
2.839653906250000000e+04
3.213113867187500000e+04
3.586741015625000000e+04
3.566308984375000000e+04
3.125427148437500000e+04
4.506280468750000000e+04
3.630705859375000000e+04
3.261065820312500000e+04
3.336712109375000000e+04
3.364712109375000000e+04
3.707767187500000000e+04
2.988644140625000000e+04
2.644510937500000000e+04
4.347536328125000000e+04
2.907840820312500000e+04
4.778411328125000000e+04
3.375497656250000000e+04
3.549377734375000000e+04
3.609334765625000000e+04
3.515937890625000000e+04
2.806087890625000000e+04
2.902637304687500000e+04
4.870158593750000000e+04
3.420741406250000000e+04
3.649350781250000000e+04
3.880095312500000000e+04
3.589422656250000000e+04
3.231000585937500000e+04
4.538819531250000000e+04
3.237821875000000000e+04
4.675521875000000000e+04
2.419488476562500000e+04
3.102961328125000000e+04
2.826615820312500000e+04
4.249555859375000000e+04
3.219036718750000000e+04
3.802335156250000000e+04
3.271468554687500000e+04
3.722437500000000000e+04
4.858441406250000000e+04
4.603760937500000000e+04
3.959539062500000000e+04
3.460607421875000000e+04
3.325049609375000000e+04
3.666203515625000000e+04
3.679325390625000000e+04
3.210874023437500000e+04
4.070591015625000000e+04
3.450130859375000000e+04
2.499701953125000000e+04
3.783133984375000000e+04
3.292755078125000000e+04
2.694605468750000000e+04
3.330217578125000000e+04
3.389912500000000000e+04
3.385808984375000000e+04
3.846732031250000000e+04
3.809848046875000000e+04
3.911995312500000000e+04
3.355978515625000000e+04
4.222224609375000000e+04
3.144166015625000000e+04
3.578560937500000000e+04
3.981559375000000000e+04
2.513950976562500000e+04
4.639024609375000000e+04
4.537160546875000000e+04
3.180125976562500000e+04
3.864187500000000000e+04
3.803831640625000000e+04
3.134739453125000000e+04
3.293010156250000000e+04
3.348188281250000000e+04
4.768775000000000000e+04
4.321485546875000000e+04
4.061317968750000000e+04
3.130973046875000000e+04
3.648308593750000000e+04
3.071301171875000000e+04
3.628165234375000000e+04
4.305594140625000000e+04
3.963758593750000000e+04
4.263255078125000000e+04
4.843591406250000000e+04
3.958850781250000000e+04
4.194621484375000000e+04
4.077269140625000000e+04
3.309442968750000000e+04
3.333702734375000000e+04
3.355125000000000000e+04
3.165054296875000000e+04
4.062174218750000000e+04
3.409076953125000000e+04
3.336489062500000000e+04
3.766556250000000000e+04
3.423663281250000000e+04
3.002662304687500000e+04
3.358130078125000000e+04
3.294803125000000000e+04
3.397667578125000000e+04
4.153398046875000000e+04
2.726103515625000000e+04
3.836835156250000000e+04
3.782830859375000000e+04
4.184051953125000000e+04
3.156661328125000000e+04
3.135260156250000000e+04
3.502516015625000000e+04
4.072268359375000000e+04
2.902916796875000000e+04
3.842698046875000000e+04
2.809799414062500000e+04
3.310332031250000000e+04
3.375085937500000000e+04
2.783622656250000000e+04
3.965183593750000000e+04
3.717197265625000000e+04
3.859719140625000000e+04
3.911271093750000000e+04
3.594847656250000000e+04
3.896254296875000000e+04
4.496801171875000000e+04
2.864246875000000000e+04
4.156716796875000000e+04
3.127676757812500000e+04
3.353241406250000000e+04
3.908917187500000000e+04
3.463328125000000000e+04
3.823805468750000000e+04
3.597730078125000000e+04
4.389109375000000000e+04
3.628953515625000000e+04
3.721270312500000000e+04
3.517404296875000000e+04
3.242386328125000000e+04
3.169543750000000000e+04
3.126180859375000000e+04
4.441660546875000000e+04
4.115258203125000000e+04
4.033453125000000000e+04
3.321496484375000000e+04
3.361185156250000000e+04
4.085093359375000000e+04
3.363097265625000000e+04
3.827814843750000000e+04
3.405369140625000000e+04
4.186514453125000000e+04
3.567278515625000000e+04
3.345775390625000000e+04
3.617910156250000000e+04
3.224705273437500000e+04
3.410714453125000000e+04
3.224538085937500000e+04
3.892380859375000000e+04
3.809746875000000000e+04
3.685425781250000000e+04
4.259375781250000000e+04
3.421879687500000000e+04
4.041775000000000000e+04
3.838126171875000000e+04
2.654959570312500000e+04
3.928709375000000000e+04
3.342330078125000000e+04
3.645782421875000000e+04
4.299978125000000000e+04
3.986374218750000000e+04
3.529576171875000000e+04
3.461329296875000000e+04
2.967200390625000000e+04
3.293711718750000000e+04
2.952886914062500000e+04
3.371349609375000000e+04
4.418346093750000000e+04
3.927154296875000000e+04
3.826994140625000000e+04
3.918388281250000000e+04
3.118940429687500000e+04
3.602676171875000000e+04
3.965563671875000000e+04
4.516716015625000000e+04
4.067485937500000000e+04
3.462693750000000000e+04
3.940293750000000000e+04
3.265400976562500000e+04
4.158252343750000000e+04
2.899046679687500000e+04
4.600550000000000000e+04
3.667183593750000000e+04
4.101525390625000000e+04
4.296746093750000000e+04
4.250088281250000000e+04
4.084801953125000000e+04
3.481286718750000000e+04
3.280359765625000000e+04
3.148840820312500000e+04
3.670475390625000000e+04
3.001288867187500000e+04
4.026612109375000000e+04
3.624832421875000000e+04
3.625816406250000000e+04
4.337521093750000000e+04
3.326103125000000000e+04
3.761501171875000000e+04
3.060405078125000000e+04
3.549216015625000000e+04
4.292707031250000000e+04
2.935289453125000000e+04
3.502353515625000000e+04
3.727223437500000000e+04
3.167070507812500000e+04
3.557780859375000000e+04
3.345089843750000000e+04
3.243954296875000000e+04
3.190153320312500000e+04
2.613715039062500000e+04
3.920090625000000000e+04
3.219297070312500000e+04
5.094080468750000000e+04
3.907704687500000000e+04
3.300764453125000000e+04
4.100526171875000000e+04
4.359319140625000000e+04
3.302759765625000000e+04
3.107406250000000000e+04
2.988225195312500000e+04
3.391326562500000000e+04
3.624191406250000000e+04
3.222253515625000000e+04
3.263390625000000000e+04
3.935278906250000000e+04
3.740146484375000000e+04
4.182770703125000000e+04
2.233784765625000000e+04
3.429308593750000000e+04
3.492846875000000000e+04
3.193939062500000000e+04
4.331773046875000000e+04
3.397317968750000000e+04
3.399149218750000000e+04
3.646031250000000000e+04
3.725696875000000000e+04
3.303678906250000000e+04
3.271607617187500000e+04
4.042725390625000000e+04
3.215262304687500000e+04
3.105655468750000000e+04
3.716253125000000000e+04
3.193228125000000000e+04
3.471733593750000000e+04
3.319579687500000000e+04
3.605604687500000000e+04
3.680887109375000000e+04
2.929589648437500000e+04
4.296169531250000000e+04
3.901260937500000000e+04
3.581075390625000000e+04
3.436421093750000000e+04
3.601338281250000000e+04
2.919712500000000000e+04
3.780695703125000000e+04
3.126615625000000000e+04
3.045808789062500000e+04
3.100845312500000000e+04
3.716146093750000000e+04
2.695165234375000000e+04
3.603616796875000000e+04
2.650213476562500000e+04
4.048072265625000000e+04
3.695005078125000000e+04
4.168525000000000000e+04
2.818517187500000000e+04
4.423669531250000000e+04
3.036422070312500000e+04
3.025467382812500000e+04
2.833702929687500000e+04
2.783390625000000000e+04
3.311160546875000000e+04
2.826868359375000000e+04
3.767587890625000000e+04
3.800839843750000000e+04
3.007520703125000000e+04
4.091684375000000000e+04
3.201947070312500000e+04
3.403687890625000000e+04
4.196969531250000000e+04
2.407578515625000000e+04
3.453616406250000000e+04
2.965268164062500000e+04
3.069043945312500000e+04
3.446082812500000000e+04
3.982381640625000000e+04
4.009027734375000000e+04
2.863293554687500000e+04
3.937633984375000000e+04
3.888232031250000000e+04
2.721853906250000000e+04
2.981260742187500000e+04
3.139169531250000000e+04
2.944373046875000000e+04
2.927187695312500000e+04
4.496416406250000000e+04
3.072291015625000000e+04
3.053334570312500000e+04
2.668264453125000000e+04
2.867086914062500000e+04
3.363889843750000000e+04
3.575247265625000000e+04
3.584081250000000000e+04
3.899560937500000000e+04
2.879360351562500000e+04
3.296505468750000000e+04
3.362812890625000000e+04
3.484641015625000000e+04
3.018570703125000000e+04
3.499451562500000000e+04
3.173514843750000000e+04
2.737016601562500000e+04
2.830459570312500000e+04
3.510314843750000000e+04
3.938735937500000000e+04
3.588170312500000000e+04
3.601712109375000000e+04
3.346933984375000000e+04
3.445062890625000000e+04
3.701067187500000000e+04
2.632025195312500000e+04
3.195862890625000000e+04
3.173363281250000000e+04
3.797401953125000000e+04
2.974179882812500000e+04
3.095704492187500000e+04
3.722717578125000000e+04
3.704315234375000000e+04
4.223115234375000000e+04
4.204301953125000000e+04
3.465735937500000000e+04
3.065056445312500000e+04
4.282871093750000000e+04
2.926166015625000000e+04
3.316778906250000000e+04
4.554899609375000000e+04
4.304096875000000000e+04
2.852119921875000000e+04
3.341579296875000000e+04
3.156359570312500000e+04
3.401690625000000000e+04
4.076691406250000000e+04
3.510200781250000000e+04
2.930735156250000000e+04
4.418248437500000000e+04
3.539983203125000000e+04
4.192064453125000000e+04
2.874269140625000000e+04
3.451654296875000000e+04
3.284032421875000000e+04
3.868142187500000000e+04
2.789063085937500000e+04
3.781500000000000000e+04
3.707773046875000000e+04
3.474860546875000000e+04
3.468795703125000000e+04
3.648651562500000000e+04
4.588667578125000000e+04
3.444182421875000000e+04
3.133692773437500000e+04
3.134638085937500000e+04
3.537757812500000000e+04
3.527483203125000000e+04
3.711873046875000000e+04
4.094048828125000000e+04
2.934946093750000000e+04
3.491583593750000000e+04
3.834889062500000000e+04
3.485681250000000000e+04
2.730339062500000000e+04
3.603215625000000000e+04
3.178986718750000000e+04
3.598368750000000000e+04
3.132152148437500000e+04
2.945805468750000000e+04
2.923746484375000000e+04
4.062309765625000000e+04
3.348714062500000000e+04
3.614713671875000000e+04
2.845024414062500000e+04
2.938818359375000000e+04
3.083638671875000000e+04
3.258919140625000000e+04
4.335504296875000000e+04
3.711814453125000000e+04
3.512280859375000000e+04
2.843867773437500000e+04
3.529047656250000000e+04
3.982122656250000000e+04
4.056519531250000000e+04
3.428322656250000000e+04
3.600377343750000000e+04
3.712372265625000000e+04
2.916892773437500000e+04
3.979036718750000000e+04
4.383912500000000000e+04
3.448216015625000000e+04
3.578310156250000000e+04
4.086617968750000000e+04
2.418275976562500000e+04
3.710714453125000000e+04
2.675812890625000000e+04
3.503660546875000000e+04
4.201166796875000000e+04
3.170963671875000000e+04
4.237173828125000000e+04
3.170317968750000000e+04
3.880650781250000000e+04
3.830730078125000000e+04
4.013847656250000000e+04
3.627619140625000000e+04
3.392474218750000000e+04
3.117791015625000000e+04
3.773873046875000000e+04
3.346386328125000000e+04
3.509456640625000000e+04
2.617730078125000000e+04
3.593821875000000000e+04
3.567643359375000000e+04
4.185972265625000000e+04
3.019765625000000000e+04
3.382016796875000000e+04
2.803103515625000000e+04
3.435585546875000000e+04
2.714986523437500000e+04
5.110447656250000000e+04
4.523224609375000000e+04
3.904916796875000000e+04
3.428570312500000000e+04
3.316876562500000000e+04
3.741495703125000000e+04
2.840363476562500000e+04
3.236125781250000000e+04
2.974404687500000000e+04
3.124736718750000000e+04
2.814450390625000000e+04
2.519692382812500000e+04
3.956091796875000000e+04
2.963176171875000000e+04
2.680870312500000000e+04
3.102132617187500000e+04
3.467950781250000000e+04
3.313342578125000000e+04
3.773053515625000000e+04
2.400921093750000000e+04
3.205743945312500000e+04
2.955767968750000000e+04
3.189280468750000000e+04
4.205265234375000000e+04
3.238793750000000000e+04
3.194548632812500000e+04
2.575952343750000000e+04
3.047101171875000000e+04
3.638873828125000000e+04
3.414264453125000000e+04
3.528784375000000000e+04
3.280000781250000000e+04
2.194300195312500000e+04
3.655610156250000000e+04
3.058905859375000000e+04
3.174659960937500000e+04
3.193839843750000000e+04
3.656280859375000000e+04
4.149584375000000000e+04
3.197118359375000000e+04
3.237201367187500000e+04
2.968032617187500000e+04
2.850146679687500000e+04
4.637401953125000000e+04
3.734648437500000000e+04
3.595194531250000000e+04
3.315038281250000000e+04
3.021208007812500000e+04
2.969855664062500000e+04
3.572621093750000000e+04
3.487598046875000000e+04
2.697609960937500000e+04
2.466148437500000000e+04
3.181032421875000000e+04
4.099737500000000000e+04
4.342576953125000000e+04
3.281918359375000000e+04
3.263153320312500000e+04
3.420662890625000000e+04
3.398068750000000000e+04
4.426430078125000000e+04
3.378256250000000000e+04
4.002737890625000000e+04
3.810113281250000000e+04
3.206512304687500000e+04
2.857861914062500000e+04
3.937780859375000000e+04
3.397899218750000000e+04
4.147752343750000000e+04
3.111147265625000000e+04
3.045148242187500000e+04
3.818275000000000000e+04
3.782298828125000000e+04
3.193565625000000000e+04
3.101989453125000000e+04
2.766742773437500000e+04
2.595626562500000000e+04
3.845639062500000000e+04
3.527414843750000000e+04
3.263093945312500000e+04
2.989742968750000000e+04
3.423479296875000000e+04
3.200650976562500000e+04
3.281594140625000000e+04
3.483395312500000000e+04
3.439123437500000000e+04
3.385379687500000000e+04
3.909347656250000000e+04
3.341657812500000000e+04
3.749149609375000000e+04
3.758832421875000000e+04
2.674712304687500000e+04
4.130083593750000000e+04
3.569718750000000000e+04
2.939918554687500000e+04
3.784396484375000000e+04
3.143747265625000000e+04
3.691195312500000000e+04
2.419100390625000000e+04
3.014141406250000000e+04
3.700125781250000000e+04
3.204724023437500000e+04
2.921584960937500000e+04
2.742142968750000000e+04
3.197948437500000000e+04
3.559887500000000000e+04
3.549667187500000000e+04
3.100008398437500000e+04
2.981966796875000000e+04
3.207519726562500000e+04
4.973531250000000000e+04
3.405498046875000000e+04
4.078428906250000000e+04
3.574643750000000000e+04
4.187337500000000000e+04
2.868347656250000000e+04
3.557075390625000000e+04
2.877786132812500000e+04
3.871246093750000000e+04
3.328266406250000000e+04
2.981694726562500000e+04
3.665873046875000000e+04
4.375521093750000000e+04
3.215073046875000000e+04
3.170757031250000000e+04
3.532600000000000000e+04
3.188353320312500000e+04
2.873866796875000000e+04
3.867412500000000000e+04
2.862612500000000000e+04
3.374770703125000000e+04
3.319484765625000000e+04
2.917563476562500000e+04
3.597584375000000000e+04
2.773119726562500000e+04
3.225872070312500000e+04
3.442825000000000000e+04
3.711755468750000000e+04
4.123433593750000000e+04
2.504406250000000000e+04
3.127642187500000000e+04
2.863120117187500000e+04
2.919917968750000000e+04
3.489796875000000000e+04
2.493987890625000000e+04
4.424515234375000000e+04
3.858112500000000000e+04
3.472490234375000000e+04
1.987996093750000000e+04
3.173816406250000000e+04
2.565815039062500000e+04
3.694604687500000000e+04
3.582064062500000000e+04
2.924663867187500000e+04
4.417044921875000000e+04
4.084679296875000000e+04
3.295571484375000000e+04
3.205254492187500000e+04
2.678294335937500000e+04
2.865313867187500000e+04
2.964718554687500000e+04
3.073752148437500000e+04
3.352710937500000000e+04
2.579557031250000000e+04
3.912360937500000000e+04
3.532891406250000000e+04
3.532114843750000000e+04
3.877195312500000000e+04
3.601299609375000000e+04
3.236195703125000000e+04
3.148762304687500000e+04
2.968355078125000000e+04
4.124750781250000000e+04
3.860034375000000000e+04
2.974081250000000000e+04
3.633601562500000000e+04
2.730191210937500000e+04
2.462063671875000000e+04
3.795903906250000000e+04
3.002109570312500000e+04
3.328670703125000000e+04
3.906230468750000000e+04
2.684576562500000000e+04
3.620585937500000000e+04
2.787943945312500000e+04
2.904526367187500000e+04
3.488229296875000000e+04
3.285957421875000000e+04
2.904963281250000000e+04
3.954396093750000000e+04
3.250033593750000000e+04
3.084228710937500000e+04
3.488128906250000000e+04
3.753866796875000000e+04
3.613056250000000000e+04
2.686996875000000000e+04
3.604066015625000000e+04
3.759242968750000000e+04
3.300025000000000000e+04
3.651397656250000000e+04
3.986690234375000000e+04
3.609304687500000000e+04
2.527963671875000000e+04
3.265093750000000000e+04
3.379684765625000000e+04
2.930726757812500000e+04
3.172656835937500000e+04
3.301586328125000000e+04
3.269799218750000000e+04
4.135649218750000000e+04
2.992294921875000000e+04
2.772829687500000000e+04
3.237157226562500000e+04
3.591046484375000000e+04
3.532522265625000000e+04
4.181563671875000000e+04
4.756498437500000000e+04
2.601374804687500000e+04
3.653410937500000000e+04
3.118781250000000000e+04
2.966535546875000000e+04
3.889985937500000000e+04
3.344552734375000000e+04
3.945961718750000000e+04
3.439849609375000000e+04
2.612108203125000000e+04
3.965239843750000000e+04
3.402858593750000000e+04
3.659400390625000000e+04
3.769758984375000000e+04
3.778205859375000000e+04
3.192738085937500000e+04
3.002080078125000000e+04
3.017038867187500000e+04
2.675773242187500000e+04
4.110189843750000000e+04
2.687937890625000000e+04
4.283396875000000000e+04
3.445593359375000000e+04
2.693258593750000000e+04
3.109765234375000000e+04
3.718787109375000000e+04
3.222927734375000000e+04
3.715927734375000000e+04
2.508838671875000000e+04
4.307625390625000000e+04
2.933520312500000000e+04
4.248353515625000000e+04
3.920412890625000000e+04
3.333098437500000000e+04
4.018783203125000000e+04
3.478700000000000000e+04
3.020003710937500000e+04
3.194923828125000000e+04
3.578142968750000000e+04
3.619739843750000000e+04
3.425429296875000000e+04
2.722105859375000000e+04
2.940649804687500000e+04
3.772142968750000000e+04
3.212925390625000000e+04
2.961054492187500000e+04
2.961779687500000000e+04
3.978578125000000000e+04
4.310525390625000000e+04
2.984909179687500000e+04
3.773906640625000000e+04
2.243188281250000000e+04
3.021916015625000000e+04
2.706384570312500000e+04
3.194811718750000000e+04
3.522298046875000000e+04
3.534226953125000000e+04
3.154214843750000000e+04
3.991255468750000000e+04
3.029882812500000000e+04
3.805510937500000000e+04
3.747011718750000000e+04
3.572401171875000000e+04
2.936617382812500000e+04
3.599646875000000000e+04
3.715127343750000000e+04
3.446414843750000000e+04
3.316750000000000000e+04
3.487068750000000000e+04
3.646235546875000000e+04
3.825455859375000000e+04
2.915386328125000000e+04
2.707006445312500000e+04
3.957251171875000000e+04
3.018903515625000000e+04
2.994560351562500000e+04
2.941216601562500000e+04
3.510376562500000000e+04
3.047766601562500000e+04
3.083384179687500000e+04
3.145677539062500000e+04
3.229667187500000000e+04
3.219588476562500000e+04
3.194961914062500000e+04
4.146938281250000000e+04
2.985393945312500000e+04
3.291027734375000000e+04
3.314120703125000000e+04
2.977470898437500000e+04
4.127097265625000000e+04
3.364426953125000000e+04
2.903378125000000000e+04
3.524091796875000000e+04
3.898114453125000000e+04
3.178975585937500000e+04
3.437219140625000000e+04
4.149526562500000000e+04
2.915484375000000000e+04
3.423926171875000000e+04
3.974796484375000000e+04
3.282197265625000000e+04
3.258643359375000000e+04
3.985487109375000000e+04
2.865639453125000000e+04
4.050952343750000000e+04
3.162669335937500000e+04
3.716087890625000000e+04
3.466218750000000000e+04
3.195019531250000000e+04
3.582174218750000000e+04
3.248906250000000000e+04
3.611730859375000000e+04
3.539806250000000000e+04
2.675817968750000000e+04
3.142770898437500000e+04
2.793306054687500000e+04
3.351260937500000000e+04
3.171489453125000000e+04
2.971934765625000000e+04
3.126572070312500000e+04
3.165997070312500000e+04
4.002363281250000000e+04
3.427913671875000000e+04
2.992008398437500000e+04
2.962245507812500000e+04
3.354384375000000000e+04
3.679821875000000000e+04
3.807569140625000000e+04
2.793160351562500000e+04
2.822677539062500000e+04
2.959035156250000000e+04
2.943702148437500000e+04
2.838818359375000000e+04
4.184234765625000000e+04
3.525296875000000000e+04
2.578663281250000000e+04
3.636108984375000000e+04
3.089192578125000000e+04
3.252347460937500000e+04
3.548933593750000000e+04
2.765447265625000000e+04
3.524134375000000000e+04
2.869426171875000000e+04
2.886243750000000000e+04
3.143848437500000000e+04
4.026619140625000000e+04
3.561690234375000000e+04
4.032035156250000000e+04
3.382492187500000000e+04
4.077285156250000000e+04
3.895728125000000000e+04
3.144819531250000000e+04
3.166440039062500000e+04
3.063790234375000000e+04
3.227913281250000000e+04
2.709470117187500000e+04
3.214041406250000000e+04
2.795372851562500000e+04
3.059170703125000000e+04
3.936251562500000000e+04
3.786974609375000000e+04
3.748456250000000000e+04
3.021389062500000000e+04
3.141497460937500000e+04
2.911539062500000000e+04
3.767250781250000000e+04
4.599921484375000000e+04
3.183869140625000000e+04
3.382441796875000000e+04
3.083420507812500000e+04
3.742400781250000000e+04
3.052681445312500000e+04
2.867792187500000000e+04
3.813559375000000000e+04
3.739216015625000000e+04
3.361696875000000000e+04
3.562515625000000000e+04
2.318776953125000000e+04
3.778000781250000000e+04
3.598523828125000000e+04
3.943858593750000000e+04
3.554235937500000000e+04
4.028341406250000000e+04
4.047655468750000000e+04
3.279963281250000000e+04
3.214319140625000000e+04
3.576121484375000000e+04
4.139727734375000000e+04
3.910575781250000000e+04
4.046400390625000000e+04
3.713394531250000000e+04
4.313225000000000000e+04
2.953050976562500000e+04
2.406159570312500000e+04
2.608507031250000000e+04
3.246421679687500000e+04
2.993989453125000000e+04
3.023981835937500000e+04
4.071555468750000000e+04
2.977880664062500000e+04
3.020137695312500000e+04
2.824130468750000000e+04
3.032645703125000000e+04
4.541656640625000000e+04
3.994251171875000000e+04
2.961043359375000000e+04
2.947509375000000000e+04
3.798621093750000000e+04
3.144357421875000000e+04
3.424168750000000000e+04
3.143022656250000000e+04
3.136089843750000000e+04
3.297297656250000000e+04
3.475115625000000000e+04
3.741752734375000000e+04
2.940504492187500000e+04
3.328992968750000000e+04
3.978348828125000000e+04
2.846632812500000000e+04
3.970992187500000000e+04
2.937743945312500000e+04
2.664468554687500000e+04
3.559512500000000000e+04
3.164648046875000000e+04
3.373075000000000000e+04
2.823333203125000000e+04
3.606292968750000000e+04
3.095755468750000000e+04
4.659462109375000000e+04
4.141542578125000000e+04
3.589993359375000000e+04
2.949175390625000000e+04
2.904400000000000000e+04
2.680806640625000000e+04
2.808868164062500000e+04
4.130473828125000000e+04
3.360871484375000000e+04
3.662544531250000000e+04
3.214187109375000000e+04
3.465252343750000000e+04
2.980796484375000000e+04
2.813166601562500000e+04
4.585277343750000000e+04
3.317579296875000000e+04
2.994093750000000000e+04
3.162530664062500000e+04
3.651523046875000000e+04
3.069272070312500000e+04
3.234908398437500000e+04
3.806873437500000000e+04
2.967849609375000000e+04
2.458797070312500000e+04
3.174391601562500000e+04
3.292409375000000000e+04
3.237233203125000000e+04
3.428200390625000000e+04
2.592106640625000000e+04
3.590895703125000000e+04
2.869206054687500000e+04
3.066560742187500000e+04
3.065451171875000000e+04
3.388341406250000000e+04
3.744643359375000000e+04
3.644444921875000000e+04
3.546805078125000000e+04
4.005105468750000000e+04
3.679397656250000000e+04
3.521728515625000000e+04
3.117210742187500000e+04
3.239755859375000000e+04
3.613764843750000000e+04
3.187020898437500000e+04
4.320610156250000000e+04
3.309892578125000000e+04
3.344231250000000000e+04
4.004497265625000000e+04
3.187747851562500000e+04
2.882268359375000000e+04
3.373270703125000000e+04
3.681573437500000000e+04
2.636143750000000000e+04
3.516334765625000000e+04
3.776873046875000000e+04
3.168481445312500000e+04
3.225162304687500000e+04
2.819934179687500000e+04
2.941746875000000000e+04
2.679261914062500000e+04
2.370483593750000000e+04
3.665247656250000000e+04
2.982389453125000000e+04
3.775340625000000000e+04
3.731989062500000000e+04
3.117721679687500000e+04
3.156841601562500000e+04
2.852855859375000000e+04
3.767923828125000000e+04
3.179577734375000000e+04
4.461172656250000000e+04
2.791549804687500000e+04
3.253257812500000000e+04
2.904733398437500000e+04
3.888813281250000000e+04
3.384773437500000000e+04
3.733549609375000000e+04
2.943063671875000000e+04
3.283924609375000000e+04
2.999961914062500000e+04
3.530617187500000000e+04
2.939988085937500000e+04
3.186491601562500000e+04
3.830626953125000000e+04
2.923120703125000000e+04
3.132667578125000000e+04
3.647436718750000000e+04
2.335688867187500000e+04
2.992358789062500000e+04
3.933386718750000000e+04
3.079388476562500000e+04
3.528307812500000000e+04
3.180223046875000000e+04
2.956412109375000000e+04
2.167824804687500000e+04
3.243932421875000000e+04
3.384533593750000000e+04
3.779661718750000000e+04
3.533950781250000000e+04
3.460483593750000000e+04
4.147099218750000000e+04
2.842158007812500000e+04
3.208752539062500000e+04
3.453974609375000000e+04
3.302688281250000000e+04
3.676633984375000000e+04
2.740866210937500000e+04
3.575946484375000000e+04
3.320169531250000000e+04
3.140349414062500000e+04
2.893129882812500000e+04
2.977163476562500000e+04
2.847207031250000000e+04
3.219152734375000000e+04
3.190236328125000000e+04
2.995015429687500000e+04
3.428786718750000000e+04
3.166701953125000000e+04
2.916129882812500000e+04
2.638996484375000000e+04
4.425115234375000000e+04
2.603421289062500000e+04
2.427380468750000000e+04
3.626527343750000000e+04
3.357110937500000000e+04
3.560268750000000000e+04
3.165216015625000000e+04
2.551159960937500000e+04
3.305742578125000000e+04
3.388495312500000000e+04
3.299003125000000000e+04
3.577028125000000000e+04
2.971746484375000000e+04
4.264050781250000000e+04
3.613384375000000000e+04
3.769454687500000000e+04
2.944922656250000000e+04
3.313363671875000000e+04
4.318797656250000000e+04
3.198927148437500000e+04
3.048809570312500000e+04
3.504978125000000000e+04
3.575412890625000000e+04
4.059682031250000000e+04
2.878409570312500000e+04
3.112342968750000000e+04
2.867947265625000000e+04
2.978788867187500000e+04
2.954820312500000000e+04
2.335411914062500000e+04
3.729513281250000000e+04
3.225401562500000000e+04
2.441734765625000000e+04
2.576991406250000000e+04
3.391025781250000000e+04
3.409404296875000000e+04
2.852435351562500000e+04
3.523795703125000000e+04
3.205908593750000000e+04
3.227899804687500000e+04
3.351004687500000000e+04
3.199023437500000000e+04
3.893521093750000000e+04
3.412648437500000000e+04
3.378048828125000000e+04
3.403229296875000000e+04
3.273951562500000000e+04
3.244583984375000000e+04
3.341156250000000000e+04
3.772303515625000000e+04
4.539251171875000000e+04
2.826913476562500000e+04
3.247013671875000000e+04
2.609482812500000000e+04
4.157346484375000000e+04
3.030657421875000000e+04
4.072107812500000000e+04
2.425916210937500000e+04
3.209026562500000000e+04
2.578511523437500000e+04
3.822048046875000000e+04
3.705864843750000000e+04
3.249250976562500000e+04
3.237501953125000000e+04
2.329654101562500000e+04
3.163602734375000000e+04
4.579221093750000000e+04
2.651310742187500000e+04
3.200921289062500000e+04
4.217300390625000000e+04
3.176700390625000000e+04
2.402875976562500000e+04
3.597503515625000000e+04
3.486332421875000000e+04
3.106656835937500000e+04
3.610585546875000000e+04
2.899588085937500000e+04
3.160884765625000000e+04
3.828758593750000000e+04
3.199924804687500000e+04
3.400885937500000000e+04
3.220622265625000000e+04
3.104081054687500000e+04
3.017466406250000000e+04
3.950514843750000000e+04
2.729491796875000000e+04
2.774090820312500000e+04
3.450133203125000000e+04
3.868374609375000000e+04
2.829848437500000000e+04
3.899656640625000000e+04
2.935232617187500000e+04
3.593652343750000000e+04
3.208764453125000000e+04
3.229928906250000000e+04
2.748718750000000000e+04
3.602332421875000000e+04
3.141051757812500000e+04
3.063789648437500000e+04
3.922077734375000000e+04
3.129665039062500000e+04
3.086594140625000000e+04
3.104623046875000000e+04
3.281419921875000000e+04
3.763858593750000000e+04
3.123005664062500000e+04
3.090963281250000000e+04
3.530028906250000000e+04
3.145766796875000000e+04
3.589201171875000000e+04
3.042791601562500000e+04
4.061615625000000000e+04
3.052078515625000000e+04
3.339898437500000000e+04
4.023601171875000000e+04
3.123171289062500000e+04
3.424541406250000000e+04
3.145479101562500000e+04
2.930476171875000000e+04
2.638791796875000000e+04
3.045433398437500000e+04
3.273400781250000000e+04
3.613535937500000000e+04
3.693736328125000000e+04
3.178107031250000000e+04
2.475027734375000000e+04
3.865305859375000000e+04
2.980125585937500000e+04
2.970230273437500000e+04
4.518812500000000000e+04
3.833194921875000000e+04
3.605084375000000000e+04
3.410950390625000000e+04
2.713389453125000000e+04
2.924050390625000000e+04
2.748429492187500000e+04
3.265486718750000000e+04
2.780158984375000000e+04
3.650996484375000000e+04
3.507504296875000000e+04
3.784396484375000000e+04
3.060865039062500000e+04
3.507892578125000000e+04
2.931080859375000000e+04
2.917087304687500000e+04
2.946849218750000000e+04
3.075957617187500000e+04
3.250803125000000000e+04
3.255827539062500000e+04
2.863086328125000000e+04
3.202116015625000000e+04
2.893442382812500000e+04
2.571187109375000000e+04
2.680639843750000000e+04
3.392116796875000000e+04
3.161396289062500000e+04
2.332578320312500000e+04
3.908192187500000000e+04
3.276107617187500000e+04
4.326986718750000000e+04
3.237492578125000000e+04
3.319300390625000000e+04
3.431619531250000000e+04
3.842534375000000000e+04
3.053196875000000000e+04
4.003312890625000000e+04
3.321248437500000000e+04
2.692649023437500000e+04
4.132727343750000000e+04
3.386230078125000000e+04
3.557780468750000000e+04
3.783316406250000000e+04
3.379042968750000000e+04
2.899973437500000000e+04
4.056594531250000000e+04
2.968967773437500000e+04
2.880110351562500000e+04
3.337477343750000000e+04
2.778837695312500000e+04
3.042905273437500000e+04
2.144250585937500000e+04
2.123367382812500000e+04
3.797229687500000000e+04
3.092209765625000000e+04
3.557717968750000000e+04
2.693394531250000000e+04
3.412863671875000000e+04
3.434847656250000000e+04
2.814369921875000000e+04
3.268047265625000000e+04
3.412616406250000000e+04
4.107753125000000000e+04
2.855986523437500000e+04
3.116043750000000000e+04
2.846049218750000000e+04
3.467599218750000000e+04
3.687657812500000000e+04
3.031725195312500000e+04
3.236892382812500000e+04
3.080072656250000000e+04
2.312333203125000000e+04
2.686273828125000000e+04
3.416793750000000000e+04
2.881306445312500000e+04
3.361342187500000000e+04
2.369135742187500000e+04
3.079473046875000000e+04
3.868224218750000000e+04
3.892491406250000000e+04
3.029897460937500000e+04
3.140803320312500000e+04
3.001168554687500000e+04
3.379570703125000000e+04
3.428635937500000000e+04
2.961338281250000000e+04
3.008938085937500000e+04
2.997634570312500000e+04
3.446303515625000000e+04
3.064745312500000000e+04
3.046250976562500000e+04
2.947360546875000000e+04
3.355541015625000000e+04
2.406168945312500000e+04
3.602896093750000000e+04
4.000487890625000000e+04
2.503396093750000000e+04
2.954375585937500000e+04
2.952287695312500000e+04
3.688058984375000000e+04
2.817575781250000000e+04
3.099520703125000000e+04
2.790551757812500000e+04
3.888294921875000000e+04
3.875602734375000000e+04
3.506494531250000000e+04
2.567836914062500000e+04
3.691297265625000000e+04
3.485770312500000000e+04
3.279154296875000000e+04
3.007036718750000000e+04
3.284111328125000000e+04
3.145247460937500000e+04
2.982164257812500000e+04
2.642943164062500000e+04
3.999037890625000000e+04
3.074889062500000000e+04
3.595516796875000000e+04
3.075386132812500000e+04
2.302977929687500000e+04
2.770467968750000000e+04
2.492294140625000000e+04
2.320292187500000000e+04
2.467783398437500000e+04
2.118343164062500000e+04
2.454694531250000000e+04
3.147854492187500000e+04
3.706159375000000000e+04
2.695045898437500000e+04
3.141964062500000000e+04
3.273566015625000000e+04
3.053395507812500000e+04
3.967564062500000000e+04
3.074165039062500000e+04
2.429979101562500000e+04
3.432406640625000000e+04
2.498716210937500000e+04
2.803683789062500000e+04
4.566627734375000000e+04
3.632166015625000000e+04
3.498224609375000000e+04
3.085492382812500000e+04
3.487316796875000000e+04
3.503372656250000000e+04
3.739354687500000000e+04
3.232568554687500000e+04
3.502141796875000000e+04
2.740071484375000000e+04
3.402987109375000000e+04
3.069768554687500000e+04
4.071855468750000000e+04
3.278267187500000000e+04
3.028718750000000000e+04
3.010267968750000000e+04
3.428779687500000000e+04
2.666962695312500000e+04
2.854156640625000000e+04
2.853812695312500000e+04
3.112972460937500000e+04
3.046702929687500000e+04
2.502651562500000000e+04
2.222842968750000000e+04
4.145199218750000000e+04
2.546941992187500000e+04
3.749224609375000000e+04
2.853903710937500000e+04
3.100242187500000000e+04
2.406007812500000000e+04
2.860075000000000000e+04
3.205124609375000000e+04
2.622787890625000000e+04
2.651438085937500000e+04
3.275589062500000000e+04
3.303966015625000000e+04
2.824067773437500000e+04
3.454426562500000000e+04
2.835793750000000000e+04
3.313890625000000000e+04
3.019320507812500000e+04
2.717904296875000000e+04
3.233229492187500000e+04
4.119604296875000000e+04
3.626298437500000000e+04
2.943554687500000000e+04
4.392771875000000000e+04
3.382292578125000000e+04
3.767635156250000000e+04
2.352911718750000000e+04
2.675297656250000000e+04
2.680170507812500000e+04
3.588035546875000000e+04
2.729411523437500000e+04
3.309412890625000000e+04
3.770657421875000000e+04
2.904339453125000000e+04
2.651612109375000000e+04
3.586232812500000000e+04
3.482565625000000000e+04
2.923637890625000000e+04
3.268132617187500000e+04
3.465675781250000000e+04
3.717446484375000000e+04
3.014304101562500000e+04
2.514349023437500000e+04
2.845456250000000000e+04
3.022857031250000000e+04
2.666075585937500000e+04
3.228663867187500000e+04
2.802939062500000000e+04
2.932004882812500000e+04
2.328101757812500000e+04
3.801986328125000000e+04
3.394730468750000000e+04
3.254983398437500000e+04
2.832078125000000000e+04
2.941173828125000000e+04
3.158348242187500000e+04
4.136314062500000000e+04
3.048582421875000000e+04
3.114477929687500000e+04
2.805177734375000000e+04
2.467704101562500000e+04
4.155792968750000000e+04
3.948194531250000000e+04
3.519580859375000000e+04
2.393032617187500000e+04
2.975431250000000000e+04
3.352003906250000000e+04
2.617810351562500000e+04
2.900745507812500000e+04
2.476923632812500000e+04
3.520677734375000000e+04
2.157595117187500000e+04
2.536484179687500000e+04
3.248616992187500000e+04
3.567967187500000000e+04
3.949473046875000000e+04
2.965700390625000000e+04
3.099684179687500000e+04
2.268435546875000000e+04
3.414224609375000000e+04
2.206340625000000000e+04
4.172085937500000000e+04
2.916020117187500000e+04
3.719206250000000000e+04
3.494184765625000000e+04
4.106526562500000000e+04
3.522932812500000000e+04
3.897937890625000000e+04
4.355364062500000000e+04
3.157267968750000000e+04
3.319269921875000000e+04
2.529890625000000000e+04
2.414364453125000000e+04
2.949461132812500000e+04
4.073119531250000000e+04
3.481495312500000000e+04
2.750653906250000000e+04
3.435148828125000000e+04
4.009739843750000000e+04
3.821153125000000000e+04
3.194983789062500000e+04
2.901934179687500000e+04
3.280872265625000000e+04
3.137881835937500000e+04
3.971236718750000000e+04
3.336881640625000000e+04
3.506596093750000000e+04
2.655384765625000000e+04
2.945954687500000000e+04
3.510883984375000000e+04
3.461394921875000000e+04
2.567719335937500000e+04
2.839413281250000000e+04
3.551514062500000000e+04
3.655450781250000000e+04
3.386961718750000000e+04
3.045376953125000000e+04
2.957538085937500000e+04
2.662373242187500000e+04
2.962110351562500000e+04
3.050936914062500000e+04
3.382744140625000000e+04
3.020250976562500000e+04
3.336025390625000000e+04
2.962760156250000000e+04
3.075880078125000000e+04
3.972907812500000000e+04
3.283332421875000000e+04
3.475325390625000000e+04
2.091707812500000000e+04
2.719393945312500000e+04
3.786295312500000000e+04
3.083844140625000000e+04
3.488978906250000000e+04
3.767173046875000000e+04
2.560605273437500000e+04
3.312291015625000000e+04
3.297353906250000000e+04
3.378745703125000000e+04
3.591558593750000000e+04
3.520207031250000000e+04
2.998385937500000000e+04
3.936362890625000000e+04
3.129055859375000000e+04
3.718655468750000000e+04
3.072934375000000000e+04
3.525090234375000000e+04
3.702182812500000000e+04
3.452946484375000000e+04
3.281928125000000000e+04
3.387928906250000000e+04
3.572835156250000000e+04
2.819111328125000000e+04
3.417716015625000000e+04
2.425480859375000000e+04
2.314024023437500000e+04
3.988974609375000000e+04
3.111217968750000000e+04
3.276665820312500000e+04
2.651448046875000000e+04
2.801860742187500000e+04
2.979674609375000000e+04
3.121244531250000000e+04
2.865124609375000000e+04
2.834722656250000000e+04
3.025865039062500000e+04
2.693738671875000000e+04
2.580697851562500000e+04
3.049998828125000000e+04
3.608657031250000000e+04
2.650980664062500000e+04
3.976744531250000000e+04
3.143599414062500000e+04
3.144282226562500000e+04
3.502421875000000000e+04
2.925213085937500000e+04
2.787101367187500000e+04
3.074699414062500000e+04
2.452957031250000000e+04
3.158775000000000000e+04
2.129396289062500000e+04
2.707876953125000000e+04
3.057602929687500000e+04
2.507349804687500000e+04
2.818754687500000000e+04
2.976479492187500000e+04
3.805583203125000000e+04
2.907260937500000000e+04
3.676676562500000000e+04
3.884664062500000000e+04
3.194359375000000000e+04
2.918233984375000000e+04
2.798146093750000000e+04
3.337396484375000000e+04
2.812714843750000000e+04
3.253375585937500000e+04
2.442669921875000000e+04
3.287501562500000000e+04
2.903280078125000000e+04
3.169793554687500000e+04
3.124030273437500000e+04
2.789158984375000000e+04
3.768128125000000000e+04
3.262640429687500000e+04
1.719496093750000000e+04
3.248556835937500000e+04
3.514825781250000000e+04
2.574591601562500000e+04
2.934650195312500000e+04
3.445469921875000000e+04
3.141480468750000000e+04
2.206972070312500000e+04
2.725332812500000000e+04
3.488681640625000000e+04
2.844687109375000000e+04
3.478184765625000000e+04
3.233733007812500000e+04
3.251777148437500000e+04
2.796154492187500000e+04
1.994051757812500000e+04
2.828610742187500000e+04
3.911884375000000000e+04
3.310930078125000000e+04
2.892997460937500000e+04
3.928882812500000000e+04
3.366718750000000000e+04
3.287080468750000000e+04
2.832647656250000000e+04
3.134565234375000000e+04
2.863494726562500000e+04
3.109369335937500000e+04
3.339649609375000000e+04
2.598695703125000000e+04
3.126894921875000000e+04
3.198101953125000000e+04
3.365310546875000000e+04
3.716201171875000000e+04
3.508640625000000000e+04
3.079953320312500000e+04
3.963108203125000000e+04
3.683258203125000000e+04
2.254585351562500000e+04
2.149033007812500000e+04
2.913005273437500000e+04
3.105589648437500000e+04
4.178569921875000000e+04
2.618398632812500000e+04
