2.236405468750000000e+05
1.661712968750000000e+05
1.517322656250000000e+05
1.453999062500000000e+05
1.318550312500000000e+05
1.306920390625000000e+05
1.275781953125000000e+05
1.182992890625000000e+05
1.144086484375000000e+05
1.141809140625000000e+05
1.124383437500000000e+05
9.437946875000000000e+04
1.059720703125000000e+05
1.015474609375000000e+05
9.907542187500000000e+04
9.010669531250000000e+04
8.669958593750000000e+04
7.802081250000000000e+04
8.106329687500000000e+04
8.027240625000000000e+04
6.917507812500000000e+04
8.090559375000000000e+04
7.546615625000000000e+04
6.107191796875000000e+04
6.571460937500000000e+04
6.661894531250000000e+04
7.275439843750000000e+04
5.620751562500000000e+04
6.491642968750000000e+04
5.250126562500000000e+04
6.659677343750000000e+04
6.974930468750000000e+04
5.662118750000000000e+04
5.986891796875000000e+04
5.401022265625000000e+04
6.749428906250000000e+04
5.977594531250000000e+04
5.856555859375000000e+04
5.841892187500000000e+04
5.965733984375000000e+04
7.244027343750000000e+04
5.719244921875000000e+04
7.386989062500000000e+04
6.704765625000000000e+04
5.472329296875000000e+04
4.674317187500000000e+04
5.980065234375000000e+04
4.925147656250000000e+04
5.289591015625000000e+04
5.421367968750000000e+04
6.114549218750000000e+04
5.305401171875000000e+04
6.922063281250000000e+04
6.180816406250000000e+04
6.878901562500000000e+04
6.210560937500000000e+04
5.939884375000000000e+04
5.377469140625000000e+04
5.787314062500000000e+04
5.256792578125000000e+04
6.510754296875000000e+04
4.873289453125000000e+04
6.705984375000000000e+04
5.629323046875000000e+04
5.954412109375000000e+04
5.204634765625000000e+04
6.173401171875000000e+04
5.682812500000000000e+04
4.506763671875000000e+04
5.951950781250000000e+04
6.237207031250000000e+04
5.492260156250000000e+04
6.418928906250000000e+04
5.996512890625000000e+04
6.051037500000000000e+04
5.846610937500000000e+04
5.072603515625000000e+04
4.459048437500000000e+04
5.593639843750000000e+04
5.358752343750000000e+04
5.827843359375000000e+04
4.932373046875000000e+04
5.490821875000000000e+04
4.746926562500000000e+04
5.448117578125000000e+04
4.295497656250000000e+04
5.686623828125000000e+04
5.121360937500000000e+04
5.620148046875000000e+04
5.177722656250000000e+04
6.190563671875000000e+04
4.957594140625000000e+04
6.018884375000000000e+04
5.263832812500000000e+04
4.632530859375000000e+04
5.185099609375000000e+04
5.970378906250000000e+04
4.673388281250000000e+04
4.396165234375000000e+04
5.016287890625000000e+04
5.390635546875000000e+04
5.095885546875000000e+04
5.519071484375000000e+04
5.453482031250000000e+04
4.588533984375000000e+04
4.893055468750000000e+04
5.585526953125000000e+04
6.496689843750000000e+04
5.776868750000000000e+04
5.047967578125000000e+04
4.864309765625000000e+04
6.369950781250000000e+04
5.182185937500000000e+04
5.519529687500000000e+04
5.225942968750000000e+04
4.864851171875000000e+04
4.658486718750000000e+04
4.751146484375000000e+04
6.564680468750000000e+04
5.243453125000000000e+04
4.957189453125000000e+04
5.460603125000000000e+04
4.150150390625000000e+04
4.710739062500000000e+04
4.611504296875000000e+04
4.110329687500000000e+04
5.095206250000000000e+04
5.113910156250000000e+04
6.113201953125000000e+04
4.475191015625000000e+04
5.097788281250000000e+04
6.015908984375000000e+04
4.468035156250000000e+04
5.302300781250000000e+04
4.816363671875000000e+04
5.627872265625000000e+04
4.953952734375000000e+04
5.843642187500000000e+04
6.084275000000000000e+04
4.956251171875000000e+04
5.464544921875000000e+04
5.014732812500000000e+04
5.432311718750000000e+04
5.314908593750000000e+04
4.440081250000000000e+04
4.685780859375000000e+04
5.874010156250000000e+04
4.784770312500000000e+04
4.249362500000000000e+04
5.768917578125000000e+04
5.063846484375000000e+04
3.960189062500000000e+04
4.048360156250000000e+04
4.068327734375000000e+04
4.871064843750000000e+04
4.352956640625000000e+04
4.441021875000000000e+04
4.138810156250000000e+04
4.340721093750000000e+04
3.784522265625000000e+04
5.006571484375000000e+04
4.361854296875000000e+04
5.331578125000000000e+04
3.746779296875000000e+04
4.803389843750000000e+04
3.577735546875000000e+04
4.926455078125000000e+04
4.409201171875000000e+04
3.858723437500000000e+04
4.765765234375000000e+04
4.260716406250000000e+04
4.671503906250000000e+04
4.740416796875000000e+04
4.080816796875000000e+04
5.117552734375000000e+04
5.636015625000000000e+04
4.366597265625000000e+04
5.785091015625000000e+04
4.623561328125000000e+04
3.988871484375000000e+04
4.612620703125000000e+04
4.152923046875000000e+04
3.360173828125000000e+04
4.616960156250000000e+04
4.619743750000000000e+04
4.207245312500000000e+04
4.494474609375000000e+04
4.211153515625000000e+04
4.303562109375000000e+04
4.863450390625000000e+04
3.615056250000000000e+04
4.007846484375000000e+04
4.427050000000000000e+04
4.213325000000000000e+04
3.407814453125000000e+04
5.063203906250000000e+04
3.894500781250000000e+04
3.911366406250000000e+04
4.289342187500000000e+04
5.362677734375000000e+04
4.784351953125000000e+04
4.538339453125000000e+04
4.040111328125000000e+04
5.355766015625000000e+04
4.071365234375000000e+04
3.956050781250000000e+04
3.647024218750000000e+04
4.129806640625000000e+04
3.766108203125000000e+04
3.286058203125000000e+04
3.585242578125000000e+04
4.609780859375000000e+04
3.513911718750000000e+04
4.532812109375000000e+04
4.616186328125000000e+04
4.872857812500000000e+04
3.853144140625000000e+04
4.169349218750000000e+04
3.780865234375000000e+04
4.956867968750000000e+04
4.110232031250000000e+04
3.198612890625000000e+04
4.168780859375000000e+04
3.772114843750000000e+04
3.974503906250000000e+04
4.235904296875000000e+04
3.772924609375000000e+04
3.451408203125000000e+04
3.767534375000000000e+04
4.077267187500000000e+04
3.630079296875000000e+04
3.590773828125000000e+04
4.382540625000000000e+04
3.971731250000000000e+04
3.179891406250000000e+04
3.680683593750000000e+04
4.061897656250000000e+04
3.735188281250000000e+04
4.099060546875000000e+04
3.581913671875000000e+04
4.240885546875000000e+04
4.437466796875000000e+04
2.741678906250000000e+04
3.741545703125000000e+04
4.043432812500000000e+04
4.550400781250000000e+04
3.800657421875000000e+04
4.109876171875000000e+04
3.216605859375000000e+04
3.597110937500000000e+04
3.459022265625000000e+04
3.095493750000000000e+04
5.393179687500000000e+04
3.367948046875000000e+04
4.069616406250000000e+04
3.733649218750000000e+04
4.694101171875000000e+04
3.619846875000000000e+04
3.971631640625000000e+04
4.089404687500000000e+04
4.054428906250000000e+04
3.345819140625000000e+04
4.614285156250000000e+04
4.018146875000000000e+04
3.694035546875000000e+04
3.140344335937500000e+04
3.271169140625000000e+04
4.062891015625000000e+04
4.939149609375000000e+04
4.141440625000000000e+04
5.110575390625000000e+04
4.040988281250000000e+04
2.902176367187500000e+04
4.439333203125000000e+04
4.201332812500000000e+04
3.425659375000000000e+04
3.676255078125000000e+04
4.170297656250000000e+04
4.400829687500000000e+04
3.170501953125000000e+04
5.623025000000000000e+04
3.315431250000000000e+04
3.710602343750000000e+04
4.143346093750000000e+04
4.317307031250000000e+04
3.301627343750000000e+04
4.031280859375000000e+04
3.294087500000000000e+04
4.183530468750000000e+04
2.986161718750000000e+04
3.441857421875000000e+04
4.463082812500000000e+04
4.080155468750000000e+04
3.117831445312500000e+04
4.359603906250000000e+04
4.438822265625000000e+04
3.433432421875000000e+04
3.525137109375000000e+04
3.632900390625000000e+04
4.448584765625000000e+04
3.418078515625000000e+04
3.286233593750000000e+04
4.589028515625000000e+04
4.411021875000000000e+04
3.342946093750000000e+04
3.931454687500000000e+04
3.907254296875000000e+04
4.677405078125000000e+04
3.963269921875000000e+04
3.742105859375000000e+04
3.485520312500000000e+04
3.611634765625000000e+04
3.594384375000000000e+04
3.570318359375000000e+04
3.505032031250000000e+04
4.340716015625000000e+04
4.569944531250000000e+04
4.458453125000000000e+04
3.555554296875000000e+04
3.910459765625000000e+04
2.973784375000000000e+04
3.009421093750000000e+04
3.568362500000000000e+04
4.416124218750000000e+04
3.890199218750000000e+04
3.702403515625000000e+04
3.451036328125000000e+04
3.364133203125000000e+04
3.505633203125000000e+04
4.306623046875000000e+04
3.819212500000000000e+04
4.131777343750000000e+04
3.513886718750000000e+04
4.030957031250000000e+04
3.612823828125000000e+04
3.788738281250000000e+04
4.376248828125000000e+04
3.617083984375000000e+04
3.418298828125000000e+04
2.900408593750000000e+04
3.392709375000000000e+04
4.259855078125000000e+04
3.727280468750000000e+04
3.665448828125000000e+04
3.652761718750000000e+04
4.368885156250000000e+04
3.365800000000000000e+04
3.780527734375000000e+04
2.994133398437500000e+04
3.729210156250000000e+04
2.982418554687500000e+04
3.347364453125000000e+04
3.989220312500000000e+04
3.380254296875000000e+04
2.502390039062500000e+04
4.040838671875000000e+04
4.353678515625000000e+04
3.884471484375000000e+04
3.450083593750000000e+04
3.336517187500000000e+04
3.591689453125000000e+04
3.426537109375000000e+04
4.224532031250000000e+04
3.396880078125000000e+04
3.706829296875000000e+04
3.597889453125000000e+04
4.672747265625000000e+04
3.341439062500000000e+04
4.160882421875000000e+04
3.874979687500000000e+04
3.248933984375000000e+04
4.046436328125000000e+04
3.842510156250000000e+04
4.588771875000000000e+04
3.573224218750000000e+04
3.016634960937500000e+04
4.717794140625000000e+04
3.013980273437500000e+04
3.579194921875000000e+04
2.634182421875000000e+04
3.304421093750000000e+04
3.708946093750000000e+04
3.505502343750000000e+04
4.089073046875000000e+04
4.154680859375000000e+04
3.424710156250000000e+04
2.731033398437500000e+04
3.700817578125000000e+04
4.145801953125000000e+04
3.870930859375000000e+04
3.889702343750000000e+04
4.072164843750000000e+04
3.409483593750000000e+04
3.882153125000000000e+04
4.423730468750000000e+04
2.704870312500000000e+04
3.061431445312500000e+04
3.808638281250000000e+04
3.520259765625000000e+04
4.456489453125000000e+04
3.785913671875000000e+04
3.294148046875000000e+04
3.676775781250000000e+04
4.302423828125000000e+04
3.651721484375000000e+04
4.192737109375000000e+04
3.344687890625000000e+04
2.739277343750000000e+04
3.728367968750000000e+04
3.754909765625000000e+04
3.784853906250000000e+04
3.836073437500000000e+04
3.295351171875000000e+04
4.190405468750000000e+04
4.475419531250000000e+04
3.252090039062500000e+04
2.936487304687500000e+04
3.372556250000000000e+04
4.115440625000000000e+04
3.585033593750000000e+04
3.881874218750000000e+04
2.990528125000000000e+04
3.628175781250000000e+04
3.203108984375000000e+04
3.734852734375000000e+04
3.759098828125000000e+04
3.271929687500000000e+04
2.728058203125000000e+04
4.428701562500000000e+04
3.789434765625000000e+04
3.810337109375000000e+04
3.253779687500000000e+04
4.251446484375000000e+04
3.331435546875000000e+04
2.972205273437500000e+04
4.064761718750000000e+04
3.505949218750000000e+04
4.071937500000000000e+04
4.108595703125000000e+04
3.679631640625000000e+04
4.057256250000000000e+04
3.446907421875000000e+04
4.022421093750000000e+04
3.128020703125000000e+04
4.393226171875000000e+04
2.777337109375000000e+04
3.896158203125000000e+04
2.863398046875000000e+04
3.529958593750000000e+04
4.554739062500000000e+04
2.946715234375000000e+04
3.344605859375000000e+04
4.179082031250000000e+04
3.817123828125000000e+04
4.498737500000000000e+04
3.442048828125000000e+04
4.106598437500000000e+04
2.728582617187500000e+04
2.987985351562500000e+04
3.305687109375000000e+04
4.022454687500000000e+04
3.296639062500000000e+04
3.788071875000000000e+04
3.806152734375000000e+04
4.391083203125000000e+04
4.259994921875000000e+04
4.099123437500000000e+04
3.932064062500000000e+04
3.730199609375000000e+04
3.780651562500000000e+04
3.671357812500000000e+04
3.831075781250000000e+04
3.438857031250000000e+04
3.807842187500000000e+04
4.173768750000000000e+04
3.588562890625000000e+04
3.965898828125000000e+04
3.887180859375000000e+04
3.774163281250000000e+04
4.358951562500000000e+04
3.577969921875000000e+04
3.283391015625000000e+04
3.290964843750000000e+04
3.231260742187500000e+04
4.031035937500000000e+04
3.938877734375000000e+04
4.602275000000000000e+04
4.069099218750000000e+04
3.423026562500000000e+04
2.627339648437500000e+04
3.532749218750000000e+04
3.729129687500000000e+04
3.599259765625000000e+04
3.653569140625000000e+04
3.806403906250000000e+04
2.839535156250000000e+04
4.178120703125000000e+04
4.355287890625000000e+04
3.429948828125000000e+04
3.748259375000000000e+04
3.503650390625000000e+04
3.645060937500000000e+04
3.069379296875000000e+04
3.595067578125000000e+04
3.479939062500000000e+04
3.582030078125000000e+04
3.805345312500000000e+04
4.179690625000000000e+04
4.534673437500000000e+04
3.475749609375000000e+04
3.222758789062500000e+04
3.035188281250000000e+04
2.943866210937500000e+04
3.099075000000000000e+04
3.329555859375000000e+04
3.719357421875000000e+04
3.723185546875000000e+04
3.308596484375000000e+04
2.354680859375000000e+04
4.614052343750000000e+04
4.563591796875000000e+04
3.286132812500000000e+04
3.821091796875000000e+04
3.440583593750000000e+04
3.351351562500000000e+04
4.399123437500000000e+04
4.009046484375000000e+04
2.742824609375000000e+04
3.629400390625000000e+04
3.885303906250000000e+04
3.700031640625000000e+04
4.491889843750000000e+04
4.349140625000000000e+04
3.356142968750000000e+04
4.179944140625000000e+04
3.266426171875000000e+04
4.591672656250000000e+04
2.826954882812500000e+04
2.724614648437500000e+04
3.017641796875000000e+04
3.544291406250000000e+04
3.625777734375000000e+04
3.959966406250000000e+04
3.819601953125000000e+04
4.021430859375000000e+04
3.347389453125000000e+04
3.499864062500000000e+04
2.927750000000000000e+04
4.257657812500000000e+04
3.198065820312500000e+04
2.926872656250000000e+04
3.446268750000000000e+04
4.098615625000000000e+04
3.234110546875000000e+04
4.549354296875000000e+04
4.012174218750000000e+04
3.755746093750000000e+04
3.714702734375000000e+04
3.702285156250000000e+04
4.219634765625000000e+04
3.389903515625000000e+04
3.407822656250000000e+04
3.413758203125000000e+04
4.560025000000000000e+04
2.485394335937500000e+04
2.550739453125000000e+04
3.290979687500000000e+04
3.893729296875000000e+04
2.727276757812500000e+04
3.625087890625000000e+04
3.384939062500000000e+04
3.592199609375000000e+04
3.577991015625000000e+04
3.555607031250000000e+04
3.610212890625000000e+04
3.960748437500000000e+04
3.238468359375000000e+04
3.476375000000000000e+04
3.811710937500000000e+04
3.350585156250000000e+04
3.648741796875000000e+04
3.261946484375000000e+04
3.312339843750000000e+04
4.966437890625000000e+04
3.974620312500000000e+04
3.810424218750000000e+04
2.841161914062500000e+04
4.395491406250000000e+04
3.366596875000000000e+04
3.610455078125000000e+04
3.591491015625000000e+04
3.605024218750000000e+04
3.416366015625000000e+04
3.117372851562500000e+04
3.240482226562500000e+04
3.275895507812500000e+04
2.874034375000000000e+04
2.512317578125000000e+04
3.294514453125000000e+04
4.394042578125000000e+04
3.445972265625000000e+04
3.385979296875000000e+04
2.743446093750000000e+04
4.321516015625000000e+04
3.351341406250000000e+04
4.186516015625000000e+04
3.602223046875000000e+04
3.404534765625000000e+04
3.436798828125000000e+04
3.550034375000000000e+04
3.525145312500000000e+04
3.323330078125000000e+04
3.001285156250000000e+04
3.833042578125000000e+04
3.457464062500000000e+04
3.345987500000000000e+04
3.877566796875000000e+04
5.084616796875000000e+04
3.799758203125000000e+04
2.986179101562500000e+04
3.644251953125000000e+04
3.805982812500000000e+04
3.869475000000000000e+04
2.987320507812500000e+04
3.961205078125000000e+04
3.740211718750000000e+04
3.387181640625000000e+04
3.664860937500000000e+04
4.311423046875000000e+04
4.196360156250000000e+04
4.812501953125000000e+04
4.214212500000000000e+04
3.948925390625000000e+04
2.855412304687500000e+04
3.584307031250000000e+04
3.805286718750000000e+04
4.168797656250000000e+04
3.707719921875000000e+04
3.741089843750000000e+04
3.135521484375000000e+04
3.332232421875000000e+04
3.870942187500000000e+04
4.559520312500000000e+04
4.135857421875000000e+04
3.416537109375000000e+04
3.385730859375000000e+04
2.766869335937500000e+04
3.934261328125000000e+04
3.666888281250000000e+04
3.087321484375000000e+04
3.451597656250000000e+04
4.065471093750000000e+04
3.718808984375000000e+04
3.351547656250000000e+04
4.292087109375000000e+04
2.928395507812500000e+04
3.967554296875000000e+04
3.042244335937500000e+04
3.184265429687500000e+04
3.130193554687500000e+04
3.467509765625000000e+04
4.578953906250000000e+04
3.865828515625000000e+04
2.795274804687500000e+04
3.444960156250000000e+04
4.406778906250000000e+04
2.930705273437500000e+04
3.826290625000000000e+04
3.391116796875000000e+04
4.122969140625000000e+04
3.413289062500000000e+04
2.950052148437500000e+04
3.077050781250000000e+04
3.207140234375000000e+04
2.895572265625000000e+04
3.628030078125000000e+04
4.057323046875000000e+04
3.890039062500000000e+04
4.416801953125000000e+04
3.243773437500000000e+04
2.857189648437500000e+04
3.167834765625000000e+04
3.774361718750000000e+04
3.549079687500000000e+04
3.100963085937500000e+04
3.203110351562500000e+04
3.751822265625000000e+04
3.709596875000000000e+04
4.099581250000000000e+04
3.867496484375000000e+04
2.808007812500000000e+04
3.116768359375000000e+04
4.330641406250000000e+04
3.337598828125000000e+04
4.204970703125000000e+04
3.335942968750000000e+04
3.190959960937500000e+04
3.437353906250000000e+04
3.321413671875000000e+04
4.182365625000000000e+04
3.322700781250000000e+04
2.634670507812500000e+04
3.566009765625000000e+04
4.112203906250000000e+04
3.884516796875000000e+04
3.783034375000000000e+04
4.253212890625000000e+04
3.437608984375000000e+04
2.787536328125000000e+04
3.675895703125000000e+04
3.591217578125000000e+04
3.015315820312500000e+04
3.408204687500000000e+04
3.930188281250000000e+04
3.650842187500000000e+04
3.339901562500000000e+04
3.803922656250000000e+04
3.755271484375000000e+04
2.898345117187500000e+04
3.624124218750000000e+04
3.769839062500000000e+04
3.980220312500000000e+04
4.352803906250000000e+04
3.574077734375000000e+04
3.325954687500000000e+04
3.314795703125000000e+04
4.923355859375000000e+04
3.368251562500000000e+04
2.982428125000000000e+04
2.706304101562500000e+04
3.484308984375000000e+04
3.889993359375000000e+04
3.661733203125000000e+04
3.666878906250000000e+04
2.691542773437500000e+04
2.717143554687500000e+04
3.592053125000000000e+04
3.612107421875000000e+04
3.110623828125000000e+04
3.300039453125000000e+04
3.984397265625000000e+04
3.148112500000000000e+04
3.337619531250000000e+04
3.326215234375000000e+04
3.407871093750000000e+04
3.330896875000000000e+04
3.508380078125000000e+04
3.721631250000000000e+04
3.094013867187500000e+04
3.340853906250000000e+04
3.942757031250000000e+04
4.549518359375000000e+04
4.092565625000000000e+04
2.469883789062500000e+04
3.486861328125000000e+04
3.051593554687500000e+04
4.411795312500000000e+04
3.075908398437500000e+04
4.477384765625000000e+04
3.605860156250000000e+04
3.548923437500000000e+04
2.665819531250000000e+04
3.921748437500000000e+04
3.543333203125000000e+04
3.837437890625000000e+04
3.665289453125000000e+04
4.195555859375000000e+04
3.060859960937500000e+04
3.761994921875000000e+04
2.707869335937500000e+04
2.251616406250000000e+04
4.077852734375000000e+04
4.141446484375000000e+04
3.539003125000000000e+04
3.508323437500000000e+04
3.268253125000000000e+04
3.551768359375000000e+04
3.928444921875000000e+04
4.142225000000000000e+04
4.017215625000000000e+04
3.083353515625000000e+04
3.766881640625000000e+04
2.661388085937500000e+04
3.145398632812500000e+04
4.014303125000000000e+04
3.568469140625000000e+04
3.357344140625000000e+04
4.684388671875000000e+04
3.984417187500000000e+04
2.871229882812500000e+04
4.153352734375000000e+04
3.382778906250000000e+04
3.949093750000000000e+04
4.162556640625000000e+04
3.587577343750000000e+04
2.845776757812500000e+04
3.520550390625000000e+04
3.691076953125000000e+04
2.691533593750000000e+04
2.979492382812500000e+04
4.179549609375000000e+04
3.961044921875000000e+04
2.950060937500000000e+04
4.662676562500000000e+04
3.787064062500000000e+04
3.074501757812500000e+04
3.345925781250000000e+04
3.300933593750000000e+04
2.981200585937500000e+04
3.619870703125000000e+04
3.235495117187500000e+04
3.752691406250000000e+04
3.363054296875000000e+04
4.252340234375000000e+04
3.889245703125000000e+04
3.618980468750000000e+04
3.258698242187500000e+04
4.211269531250000000e+04
3.145043945312500000e+04
4.269885937500000000e+04
3.553421875000000000e+04
3.360144531250000000e+04
2.999204296875000000e+04
3.130464453125000000e+04
3.880233593750000000e+04
3.565324218750000000e+04
3.355354296875000000e+04
3.373520312500000000e+04
3.690937109375000000e+04
4.153506640625000000e+04
3.819449218750000000e+04
2.799527539062500000e+04
3.390800390625000000e+04
3.256866796875000000e+04
3.150804492187500000e+04
3.139023046875000000e+04
3.928134765625000000e+04
3.699713281250000000e+04
2.147213671875000000e+04
4.482561718750000000e+04
3.790360937500000000e+04
3.089315429687500000e+04
3.366821484375000000e+04
4.100674609375000000e+04
3.963829296875000000e+04
3.454047265625000000e+04
3.505032812500000000e+04
3.666381250000000000e+04
2.983839648437500000e+04
3.780750781250000000e+04
4.242402734375000000e+04
4.144939843750000000e+04
4.073666015625000000e+04
3.506737890625000000e+04
3.685317187500000000e+04
2.023337890625000000e+04
3.154925976562500000e+04
2.783351171875000000e+04
3.613706250000000000e+04
2.804997265625000000e+04
3.162378515625000000e+04
3.085427148437500000e+04
2.876426562500000000e+04
3.108221093750000000e+04
3.307336718750000000e+04
3.422837890625000000e+04
3.114822656250000000e+04
3.456098828125000000e+04
3.820427343750000000e+04
2.788390625000000000e+04
3.287620703125000000e+04
3.131417578125000000e+04
3.152306640625000000e+04
3.889222265625000000e+04
4.097010156250000000e+04
3.636706250000000000e+04
3.010162109375000000e+04
3.027944921875000000e+04
4.273473437500000000e+04
3.314536718750000000e+04
3.596860546875000000e+04
3.658417578125000000e+04
3.032330859375000000e+04
3.909981250000000000e+04
3.993840625000000000e+04
3.231502539062500000e+04
3.845490234375000000e+04
4.350336718750000000e+04
4.073909375000000000e+04
2.864193945312500000e+04
4.140174609375000000e+04
2.629863671875000000e+04
3.640923046875000000e+04
3.621432031250000000e+04
4.499026562500000000e+04
3.126834570312500000e+04
4.094829687500000000e+04
2.270865625000000000e+04
3.314451171875000000e+04
3.380173828125000000e+04
2.504902929687500000e+04
3.509408593750000000e+04
3.442335156250000000e+04
3.388980468750000000e+04
3.661337500000000000e+04
3.047255664062500000e+04
2.813964257812500000e+04
4.155653906250000000e+04
2.694381054687500000e+04
3.585875000000000000e+04
2.380238476562500000e+04
3.195008007812500000e+04
4.100615625000000000e+04
3.593861718750000000e+04
3.856962890625000000e+04
2.746550390625000000e+04
2.848789648437500000e+04
3.262982617187500000e+04
3.585664062500000000e+04
3.645161718750000000e+04
3.136484179687500000e+04
3.276237890625000000e+04
3.467107031250000000e+04
4.578495312500000000e+04
4.562560156250000000e+04
3.939860937500000000e+04
2.258839648437500000e+04
4.123280078125000000e+04
3.614606640625000000e+04
2.942370898437500000e+04
3.682146093750000000e+04
3.851525000000000000e+04
3.317503515625000000e+04
3.702433203125000000e+04
3.078058789062500000e+04
4.489967578125000000e+04
4.510378125000000000e+04
3.485766796875000000e+04
3.602465625000000000e+04
3.694598046875000000e+04
4.268446875000000000e+04
3.370947656250000000e+04
3.389411718750000000e+04
2.750269531250000000e+04
3.753155468750000000e+04
3.327935937500000000e+04
2.376676757812500000e+04
3.521607812500000000e+04
2.894029101562500000e+04
3.444075390625000000e+04
3.740914062500000000e+04
4.014454296875000000e+04
3.222732617187500000e+04
3.650954296875000000e+04
3.675565625000000000e+04
3.739233203125000000e+04
2.781342578125000000e+04
2.664356640625000000e+04
3.910012500000000000e+04
2.915558593750000000e+04
4.014821875000000000e+04
3.240662890625000000e+04
3.613279687500000000e+04
4.534900000000000000e+04
4.019978906250000000e+04
2.571584179687500000e+04
3.212130664062500000e+04
3.782737890625000000e+04
3.554999218750000000e+04
3.336024218750000000e+04
4.154927343750000000e+04
3.630989453125000000e+04
3.300553125000000000e+04
3.004379101562500000e+04
3.268044726562500000e+04
3.854078515625000000e+04
3.611903515625000000e+04
4.024814453125000000e+04
4.013500000000000000e+04
3.408015234375000000e+04
2.876431640625000000e+04
2.456969726562500000e+04
3.067774609375000000e+04
3.110290039062500000e+04
3.476405859375000000e+04
4.247809375000000000e+04
3.956296875000000000e+04
3.338123437500000000e+04
3.355219921875000000e+04
2.104296875000000000e+04
3.623091796875000000e+04
3.831554687500000000e+04
3.532897656250000000e+04
3.321541406250000000e+04
3.391311718750000000e+04
3.166570507812500000e+04
4.234248437500000000e+04
2.814892968750000000e+04
3.565903125000000000e+04
3.717388671875000000e+04
2.710695898437500000e+04
4.044802734375000000e+04
3.646939062500000000e+04
3.871523828125000000e+04
3.708327734375000000e+04
3.559264062500000000e+04
3.909021484375000000e+04
3.875884375000000000e+04
3.941997265625000000e+04
2.634518554687500000e+04
3.430975390625000000e+04
4.176229687500000000e+04
3.353630468750000000e+04
3.689030078125000000e+04
3.502787890625000000e+04
2.729440039062500000e+04
3.493887109375000000e+04
3.620767578125000000e+04
3.051838671875000000e+04
3.106776367187500000e+04
4.167326562500000000e+04
3.026475000000000000e+04
3.276193359375000000e+04
3.205840429687500000e+04
2.924291796875000000e+04
3.394554687500000000e+04
2.466533593750000000e+04
2.480506250000000000e+04
3.738593750000000000e+04
4.466150390625000000e+04
3.071043164062500000e+04
3.339923828125000000e+04
3.028594531250000000e+04
2.998063867187500000e+04
4.134314843750000000e+04
3.443608593750000000e+04
3.539063671875000000e+04
2.830275976562500000e+04
3.734611328125000000e+04
3.318098828125000000e+04
2.693440039062500000e+04
4.655123046875000000e+04
3.722091406250000000e+04
3.297138281250000000e+04
4.088842578125000000e+04
2.803556445312500000e+04
2.669295507812500000e+04
4.629278906250000000e+04
2.417236328125000000e+04
2.936950585937500000e+04
2.932241015625000000e+04
4.096614843750000000e+04
3.807994140625000000e+04
2.831793945312500000e+04
2.822581445312500000e+04
2.979391796875000000e+04
2.838854882812500000e+04
3.775111718750000000e+04
2.995085546875000000e+04
3.928538281250000000e+04
3.213445898437500000e+04
4.201954687500000000e+04
3.593003906250000000e+04
3.345944531250000000e+04
3.165148437500000000e+04
3.392200390625000000e+04
4.246169140625000000e+04
2.688942578125000000e+04
3.160156835937500000e+04
3.985498828125000000e+04
3.492232421875000000e+04
2.462693945312500000e+04
4.458335937500000000e+04
2.822547460937500000e+04
3.539271093750000000e+04
4.277727734375000000e+04
3.259643164062500000e+04
2.602222460937500000e+04
2.339544921875000000e+04
2.007692968750000000e+04
3.786374218750000000e+04
3.529789062500000000e+04
3.651364453125000000e+04
3.928089062500000000e+04
4.214249218750000000e+04
3.403299218750000000e+04
4.071958593750000000e+04
2.929222460937500000e+04
2.863283593750000000e+04
3.446395703125000000e+04
3.986867187500000000e+04
3.236329882812500000e+04
3.689981250000000000e+04
2.996659179687500000e+04
2.189975390625000000e+04
2.920170898437500000e+04
3.494662500000000000e+04
2.980790429687500000e+04
2.689707226562500000e+04
4.382464453125000000e+04
4.299175390625000000e+04
3.047594726562500000e+04
3.687288281250000000e+04
3.274934570312500000e+04
3.198704101562500000e+04
3.875600781250000000e+04
2.859772070312500000e+04
3.505354687500000000e+04
3.805496875000000000e+04
3.097739062500000000e+04
3.462248046875000000e+04
2.706956445312500000e+04
2.724940039062500000e+04
3.876130468750000000e+04
4.207532031250000000e+04
3.050632421875000000e+04
3.710632031250000000e+04
3.607761718750000000e+04
3.686563671875000000e+04
3.972725390625000000e+04
3.727162890625000000e+04
4.521374218750000000e+04
3.657800390625000000e+04
3.618875390625000000e+04
3.161433203125000000e+04
3.637960937500000000e+04
2.777465429687500000e+04
2.981313085937500000e+04
3.655262890625000000e+04
4.152260546875000000e+04
3.288673046875000000e+04
3.223798242187500000e+04
3.467890625000000000e+04
3.770532031250000000e+04
3.377335156250000000e+04
3.707631640625000000e+04
3.189552343750000000e+04
3.169913671875000000e+04
3.979926562500000000e+04
2.697766601562500000e+04
3.007168164062500000e+04
3.696842968750000000e+04
3.753191406250000000e+04
2.730904296875000000e+04
4.206416015625000000e+04
2.886656250000000000e+04
3.453776562500000000e+04
2.566565234375000000e+04
2.795877148437500000e+04
3.720159375000000000e+04
2.906442968750000000e+04
3.350938281250000000e+04
3.401171875000000000e+04
2.536225585937500000e+04
3.288327734375000000e+04
2.365349218750000000e+04
2.454707421875000000e+04
4.897796875000000000e+04
3.350293359375000000e+04
3.500820312500000000e+04
3.097603710937500000e+04
3.002423242187500000e+04
3.569870703125000000e+04
3.553242578125000000e+04
3.198458007812500000e+04
2.447836132812500000e+04
2.849611523437500000e+04
4.306913281250000000e+04
4.194715234375000000e+04
3.195725390625000000e+04
3.356340625000000000e+04
2.340017382812500000e+04
3.400485937500000000e+04
3.884559375000000000e+04
3.244792382812500000e+04
3.894025000000000000e+04
3.515640625000000000e+04
3.589373437500000000e+04
2.984425781250000000e+04
3.402766406250000000e+04
2.568474804687500000e+04
3.242787890625000000e+04
3.211950390625000000e+04
4.159549609375000000e+04
3.207845898437500000e+04
2.818539062500000000e+04
3.865125781250000000e+04
3.490929687500000000e+04
2.985466796875000000e+04
3.100271289062500000e+04
2.676027539062500000e+04
3.454937500000000000e+04
2.654969726562500000e+04
3.129636132812500000e+04
2.290707031250000000e+04
3.284288671875000000e+04
3.722733984375000000e+04
2.824340429687500000e+04
3.605955859375000000e+04
2.889286328125000000e+04
3.454070703125000000e+04
3.090560546875000000e+04
3.333508984375000000e+04
3.814917968750000000e+04
2.846201953125000000e+04
3.911350390625000000e+04
2.732586718750000000e+04
4.072602343750000000e+04
3.354522656250000000e+04
3.210900585937500000e+04
3.746631250000000000e+04
3.392091406250000000e+04
3.426443750000000000e+04
2.903072851562500000e+04
3.595225390625000000e+04
2.752544531250000000e+04
3.327330078125000000e+04
3.064241992187500000e+04
3.822605468750000000e+04
2.915434375000000000e+04
3.542821093750000000e+04
3.558561328125000000e+04
2.811755273437500000e+04
3.097674023437500000e+04
4.313032421875000000e+04
3.535308203125000000e+04
2.964786718750000000e+04
3.572368750000000000e+04
3.158109375000000000e+04
2.800866992187500000e+04
3.500338281250000000e+04
3.863453515625000000e+04
2.613880859375000000e+04
3.130335937500000000e+04
3.480319921875000000e+04
3.214984375000000000e+04
3.592928515625000000e+04
3.469628515625000000e+04
2.783577929687500000e+04
2.979632617187500000e+04
2.845478906250000000e+04
3.051299023437500000e+04
3.076824804687500000e+04
2.683647070312500000e+04
3.015070898437500000e+04
3.925677734375000000e+04
3.594129296875000000e+04
2.405178320312500000e+04
3.154983789062500000e+04
3.141608398437500000e+04
3.724547656250000000e+04
2.629130078125000000e+04
2.828497460937500000e+04
3.344628906250000000e+04
3.928036718750000000e+04
2.708451367187500000e+04
3.880040625000000000e+04
2.513268359375000000e+04
3.625624609375000000e+04
2.636171875000000000e+04
2.953424609375000000e+04
3.873007812500000000e+04
3.932787500000000000e+04
3.460584375000000000e+04
3.005368554687500000e+04
3.100541210937500000e+04
2.866496289062500000e+04
3.442736718750000000e+04
3.651446093750000000e+04
3.132952734375000000e+04
3.631867187500000000e+04
4.027293750000000000e+04
3.946272656250000000e+04
4.558041406250000000e+04
4.204534765625000000e+04
2.360802343750000000e+04
3.555678515625000000e+04
3.930611718750000000e+04
3.527362890625000000e+04
2.849245898437500000e+04
4.268282421875000000e+04
3.355586718750000000e+04
3.248834375000000000e+04
4.353800000000000000e+04
3.700295312500000000e+04
2.770910937500000000e+04
3.524241015625000000e+04
3.434810937500000000e+04
3.574541796875000000e+04
3.248076562500000000e+04
3.979891406250000000e+04
3.440001171875000000e+04
3.212077343750000000e+04
3.293782812500000000e+04
3.304242968750000000e+04
3.353145703125000000e+04
3.644663671875000000e+04
3.551905468750000000e+04
3.923136718750000000e+04
2.508526757812500000e+04
3.825248828125000000e+04
3.382045703125000000e+04
2.981876562500000000e+04
2.714981250000000000e+04
3.048618945312500000e+04
4.208865234375000000e+04
3.708488281250000000e+04
3.440812500000000000e+04
2.927852734375000000e+04
2.868304687500000000e+04
3.442996484375000000e+04
2.601768554687500000e+04
3.415934765625000000e+04
3.375873437500000000e+04
2.526583789062500000e+04
3.005719726562500000e+04
3.402062500000000000e+04
3.270646679687500000e+04
2.921907617187500000e+04
3.537435546875000000e+04
4.167171875000000000e+04
3.219874023437500000e+04
3.599045703125000000e+04
3.690573046875000000e+04
3.440744921875000000e+04
2.373392578125000000e+04
2.836723242187500000e+04
2.678064648437500000e+04
3.001810156250000000e+04
3.776053125000000000e+04
2.793829101562500000e+04
3.236904882812500000e+04
3.865946093750000000e+04
3.430530468750000000e+04
3.110293164062500000e+04
3.219551953125000000e+04
3.379732812500000000e+04
3.674478906250000000e+04
2.873361718750000000e+04
3.428243750000000000e+04
2.860989843750000000e+04
3.116209179687500000e+04
4.062284765625000000e+04
2.542409765625000000e+04
3.325327343750000000e+04
3.604171484375000000e+04
3.394790625000000000e+04
2.666983203125000000e+04
4.352098828125000000e+04
2.649154687500000000e+04
3.229151757812500000e+04
3.230207226562500000e+04
2.546169921875000000e+04
2.936992382812500000e+04
2.937906640625000000e+04
3.329083984375000000e+04
3.075946484375000000e+04
3.459558203125000000e+04
2.455555468750000000e+04
3.772505078125000000e+04
3.047921093750000000e+04
3.429670703125000000e+04
3.802975781250000000e+04
3.311199609375000000e+04
2.625366796875000000e+04
3.479655468750000000e+04
2.902912304687500000e+04
3.353499218750000000e+04
3.098281835937500000e+04
3.414191796875000000e+04
3.804539843750000000e+04
3.563220312500000000e+04
2.911809570312500000e+04
3.057346093750000000e+04
2.903429687500000000e+04
2.943127539062500000e+04
2.727637109375000000e+04
3.464966406250000000e+04
4.060704687500000000e+04
3.393955859375000000e+04
3.792363281250000000e+04
3.061576171875000000e+04
3.549807421875000000e+04
3.144025390625000000e+04
3.205247656250000000e+04
3.527208203125000000e+04
2.840674414062500000e+04
3.510323437500000000e+04
3.584183984375000000e+04
2.636849414062500000e+04
3.048180273437500000e+04
4.963828515625000000e+04
3.598026171875000000e+04
2.845184960937500000e+04
3.554554687500000000e+04
4.264867187500000000e+04
3.445492578125000000e+04
3.176853710937500000e+04
3.900458203125000000e+04
2.907738671875000000e+04
2.909116601562500000e+04
4.069332812500000000e+04
3.089505273437500000e+04
3.539262109375000000e+04
2.924716992187500000e+04
2.348010546875000000e+04
2.933780078125000000e+04
3.367751562500000000e+04
4.244983203125000000e+04
3.574261718750000000e+04
3.177223437500000000e+04
3.733896875000000000e+04
3.611723437500000000e+04
3.118374804687500000e+04
3.080595117187500000e+04
2.840721679687500000e+04
3.328858203125000000e+04
2.218359765625000000e+04
3.432481250000000000e+04
2.808565429687500000e+04
3.281466406250000000e+04
2.773409179687500000e+04
3.105409375000000000e+04
3.316292968750000000e+04
3.407530078125000000e+04
4.051445312500000000e+04
3.965763671875000000e+04
3.443666796875000000e+04
2.682941796875000000e+04
3.312490234375000000e+04
3.824600000000000000e+04
2.803344531250000000e+04
3.859780468750000000e+04
3.383026562500000000e+04
3.009130273437500000e+04
3.351741406250000000e+04
3.480049218750000000e+04
3.652261328125000000e+04
3.615980078125000000e+04
3.462204687500000000e+04
3.660742578125000000e+04
2.795005664062500000e+04
2.760591601562500000e+04
2.980654101562500000e+04
2.702200000000000000e+04
2.790545507812500000e+04
2.782723437500000000e+04
3.824074609375000000e+04
2.847929687500000000e+04
2.740187109375000000e+04
3.657348828125000000e+04
3.425521484375000000e+04
3.387066406250000000e+04
4.221667968750000000e+04
3.296131250000000000e+04
3.924683593750000000e+04
1.971091992187500000e+04
3.292505468750000000e+04
4.106459375000000000e+04
2.919874414062500000e+04
3.741587500000000000e+04
2.599051757812500000e+04
3.034238281250000000e+04
4.219951953125000000e+04
3.147860937500000000e+04
3.251378515625000000e+04
3.911530468750000000e+04
3.053839843750000000e+04
3.210120898437500000e+04
3.416244531250000000e+04
3.485374218750000000e+04
3.352980859375000000e+04
3.672062890625000000e+04
3.369164843750000000e+04
3.948776953125000000e+04
3.176582031250000000e+04
2.403587890625000000e+04
2.801460351562500000e+04
3.419923437500000000e+04
3.926485546875000000e+04
3.789008984375000000e+04
4.186778125000000000e+04
2.859805859375000000e+04
3.271913085937500000e+04
4.003262500000000000e+04
3.229576562500000000e+04
3.473510546875000000e+04
3.701262890625000000e+04
3.339266796875000000e+04
2.954521093750000000e+04
4.253925000000000000e+04
2.662748828125000000e+04
2.808441992187500000e+04
2.902552539062500000e+04
3.102785351562500000e+04
3.531386718750000000e+04
3.871037890625000000e+04
3.089007421875000000e+04
3.674068750000000000e+04
3.096629296875000000e+04
3.594578125000000000e+04
2.580344531250000000e+04
2.809311328125000000e+04
2.640267773437500000e+04
3.489348828125000000e+04
3.662275781250000000e+04
2.766071484375000000e+04
3.812494140625000000e+04
2.911600195312500000e+04
3.552355859375000000e+04
2.787481835937500000e+04
3.278052734375000000e+04
2.597337109375000000e+04
3.485342968750000000e+04
4.352819921875000000e+04
2.988163867187500000e+04
4.381458593750000000e+04
3.590691406250000000e+04
3.726020312500000000e+04
4.161998437500000000e+04
2.903768359375000000e+04
2.824618945312500000e+04
3.771208593750000000e+04
2.743628515625000000e+04
4.130875781250000000e+04
3.348316796875000000e+04
3.677900781250000000e+04
2.744583007812500000e+04
2.384834179687500000e+04
2.859936328125000000e+04
4.074852734375000000e+04
3.128400000000000000e+04
3.300387890625000000e+04
2.774271875000000000e+04
3.313682812500000000e+04
2.829580273437500000e+04
2.479244140625000000e+04
2.658921484375000000e+04
2.387005078125000000e+04
3.540144140625000000e+04
2.950410156250000000e+04
2.655072070312500000e+04
2.934603125000000000e+04
3.839579687500000000e+04
4.332712890625000000e+04
2.978576757812500000e+04
2.803945312500000000e+04
3.462586328125000000e+04
4.396204296875000000e+04
3.187908789062500000e+04
3.542977734375000000e+04
3.223220117187500000e+04
2.824988476562500000e+04
3.301183984375000000e+04
3.373123046875000000e+04
2.789595507812500000e+04
2.536000195312500000e+04
3.525124218750000000e+04
4.531527343750000000e+04
3.328520703125000000e+04
4.139641406250000000e+04
2.862239453125000000e+04
3.795281640625000000e+04
2.725636328125000000e+04
3.344040625000000000e+04
3.726435546875000000e+04
3.400014062500000000e+04
4.552203515625000000e+04
2.817335351562500000e+04
3.484026953125000000e+04
4.459527343750000000e+04
3.456210156250000000e+04
2.565281835937500000e+04
3.057492578125000000e+04
4.233573046875000000e+04
4.088443359375000000e+04
2.779813476562500000e+04
3.510108203125000000e+04
3.800104687500000000e+04
3.606832812500000000e+04
3.588203906250000000e+04
3.222597070312500000e+04
3.058450000000000000e+04
3.087767968750000000e+04
2.292904101562500000e+04
2.905010937500000000e+04
3.388006640625000000e+04
3.352767187500000000e+04
3.571164062500000000e+04
3.261083398437500000e+04
3.178704101562500000e+04
3.314228125000000000e+04
2.838948046875000000e+04
3.347257031250000000e+04
3.668594921875000000e+04
3.695240234375000000e+04
3.073164648437500000e+04
4.337337109375000000e+04
3.819494531250000000e+04
2.910156054687500000e+04
4.074812109375000000e+04
2.940535351562500000e+04
3.672975781250000000e+04
2.547008007812500000e+04
3.954755859375000000e+04
3.332509765625000000e+04
3.828067968750000000e+04
4.084373437500000000e+04
3.353282421875000000e+04
2.902683789062500000e+04
3.147838671875000000e+04
2.635621484375000000e+04
3.709985156250000000e+04
2.760623046875000000e+04
3.584170312500000000e+04
3.627252734375000000e+04
3.478882812500000000e+04
3.927355078125000000e+04
4.279040625000000000e+04
2.919789453125000000e+04
2.536258398437500000e+04
3.762256640625000000e+04
3.208344921875000000e+04
3.177931640625000000e+04
2.843119335937500000e+04
4.125805078125000000e+04
3.967546875000000000e+04
2.713222265625000000e+04
4.195941406250000000e+04
3.793853906250000000e+04
3.930657031250000000e+04
2.942082421875000000e+04
3.445310937500000000e+04
3.308457031250000000e+04
4.138983203125000000e+04
3.250371679687500000e+04
2.391983398437500000e+04
3.390553906250000000e+04
2.739612890625000000e+04
2.713304882812500000e+04
1.970253125000000000e+04
2.536172460937500000e+04
2.903945898437500000e+04
3.680326171875000000e+04
2.363807812500000000e+04
2.750442773437500000e+04
2.750782812500000000e+04
2.833885546875000000e+04
3.158610937500000000e+04
3.059670507812500000e+04
2.642191796875000000e+04
2.506144531250000000e+04
3.639101171875000000e+04
4.167013281250000000e+04
2.387924023437500000e+04
3.435031640625000000e+04
2.936483203125000000e+04
4.024791796875000000e+04
3.103367773437500000e+04
3.488985546875000000e+04
3.171428906250000000e+04
3.415720703125000000e+04
2.681166796875000000e+04
3.033966992187500000e+04
3.179960742187500000e+04
3.719167968750000000e+04
3.199038867187500000e+04
2.761462695312500000e+04
3.514421484375000000e+04
3.127150976562500000e+04
3.624921093750000000e+04
3.620141015625000000e+04
3.199697070312500000e+04
3.696726171875000000e+04
2.827572460937500000e+04
2.108588671875000000e+04
2.927593164062500000e+04
2.933136914062500000e+04
3.368258203125000000e+04
3.380264453125000000e+04
3.155112890625000000e+04
3.314271875000000000e+04
3.103558203125000000e+04
3.347464062500000000e+04
2.643555078125000000e+04
2.758943750000000000e+04
3.666586328125000000e+04
3.463632031250000000e+04
3.150408593750000000e+04
3.631627343750000000e+04
2.877825000000000000e+04
3.641310156250000000e+04
3.141895703125000000e+04
4.002043359375000000e+04
3.679398828125000000e+04
2.194812304687500000e+04
2.893969335937500000e+04
3.351431640625000000e+04
3.555545312500000000e+04
2.836818750000000000e+04
3.085447460937500000e+04
3.405462890625000000e+04
2.983321484375000000e+04
3.537826171875000000e+04
2.720691601562500000e+04
3.514054687500000000e+04
3.265013671875000000e+04
3.439658984375000000e+04
2.859707812500000000e+04
3.028394531250000000e+04
2.823647851562500000e+04
2.882751757812500000e+04
3.101164453125000000e+04
3.514135937500000000e+04
2.743979492187500000e+04
3.410298437500000000e+04
3.146684375000000000e+04
3.465770312500000000e+04
2.145046093750000000e+04
3.367299609375000000e+04
2.598082031250000000e+04
3.369388281250000000e+04
3.206910156250000000e+04
3.407965234375000000e+04
3.493900781250000000e+04
4.195487109375000000e+04
2.921087695312500000e+04
3.320241796875000000e+04
3.369169531250000000e+04
3.382613671875000000e+04
2.177502734375000000e+04
2.998362695312500000e+04
3.459340234375000000e+04
3.839292578125000000e+04
2.974279882812500000e+04
3.930240625000000000e+04
3.619511328125000000e+04
3.195470507812500000e+04
3.308031250000000000e+04
3.281780078125000000e+04
2.794969726562500000e+04
2.758333398437500000e+04
2.979030859375000000e+04
3.240533007812500000e+04
3.161588281250000000e+04
3.401564062500000000e+04
3.756112890625000000e+04
3.095625976562500000e+04
3.165134179687500000e+04
3.608614843750000000e+04
2.957129296875000000e+04
2.946184570312500000e+04
3.345964843750000000e+04
3.749225781250000000e+04
2.809370312500000000e+04
2.931741601562500000e+04
3.800266796875000000e+04
3.138672070312500000e+04
3.704080468750000000e+04
2.990983398437500000e+04
3.319324218750000000e+04
3.224686132812500000e+04
3.627319140625000000e+04
4.445540234375000000e+04
3.327410937500000000e+04
3.870140625000000000e+04
2.892430468750000000e+04
3.583256250000000000e+04
2.601895703125000000e+04
2.978342187500000000e+04
3.661045703125000000e+04
2.329879687500000000e+04
3.333752343750000000e+04
3.519688281250000000e+04
3.134739453125000000e+04
2.678628320312500000e+04
3.025127343750000000e+04
3.184572851562500000e+04
3.314742187500000000e+04
4.221325390625000000e+04
2.505457421875000000e+04
3.179622851562500000e+04
3.762749218750000000e+04
2.242067187500000000e+04
3.103894531250000000e+04
3.015417578125000000e+04
3.274032812500000000e+04
4.238666406250000000e+04
2.289034179687500000e+04
2.321452148437500000e+04
2.510879296875000000e+04
4.047232421875000000e+04
2.809310156250000000e+04
2.581911523437500000e+04
3.123040234375000000e+04
3.757183984375000000e+04
3.463620703125000000e+04
2.997360742187500000e+04
2.390485742187500000e+04
3.761932031250000000e+04
3.286994140625000000e+04
3.877164062500000000e+04
2.727101953125000000e+04
2.584186132812500000e+04
3.695262109375000000e+04
3.407737500000000000e+04
2.418635742187500000e+04
2.741552734375000000e+04
3.574406640625000000e+04
2.627183203125000000e+04
2.820575781250000000e+04
2.811284765625000000e+04
4.018217968750000000e+04
3.298322656250000000e+04
3.500951171875000000e+04
3.084527343750000000e+04
2.727216406250000000e+04
3.160021093750000000e+04
3.565200781250000000e+04
2.285267968750000000e+04
2.633966015625000000e+04
3.127322656250000000e+04
2.231982421875000000e+04
2.435308007812500000e+04
3.557958593750000000e+04
2.889771679687500000e+04
3.704944531250000000e+04
3.700117968750000000e+04
3.529530468750000000e+04
2.736030859375000000e+04
3.176789062500000000e+04
3.121695312500000000e+04
3.365028515625000000e+04
1.756292578125000000e+04
3.440884375000000000e+04
2.665447656250000000e+04
3.291539453125000000e+04
3.062789257812500000e+04
3.164854882812500000e+04
2.985241406250000000e+04
2.835395117187500000e+04
3.177273046875000000e+04
3.172059570312500000e+04
2.808273242187500000e+04
3.293861718750000000e+04
2.981494140625000000e+04
2.993206250000000000e+04
3.357283593750000000e+04
3.939848046875000000e+04
3.442245703125000000e+04
4.057799609375000000e+04
3.325778906250000000e+04
2.989924609375000000e+04
3.334241406250000000e+04
3.362980468750000000e+04
3.370107812500000000e+04
3.541641796875000000e+04
3.083714843750000000e+04
3.754415234375000000e+04
3.074064062500000000e+04
2.848786328125000000e+04
2.691238281250000000e+04
2.874082226562500000e+04
2.967920117187500000e+04
3.462258593750000000e+04
3.375724218750000000e+04
2.701756835937500000e+04
2.951984570312500000e+04
3.766166015625000000e+04
2.425816601562500000e+04
4.049169140625000000e+04
3.034064453125000000e+04
2.762390429687500000e+04
2.971558007812500000e+04
3.242918164062500000e+04
2.875970898437500000e+04
2.931436523437500000e+04
2.195705078125000000e+04
3.847747656250000000e+04
2.802706250000000000e+04
2.544342187500000000e+04
2.748069921875000000e+04
3.146970117187500000e+04
2.287351367187500000e+04
3.306994140625000000e+04
3.104397070312500000e+04
2.676672070312500000e+04
2.294789062500000000e+04
2.594861523437500000e+04
2.766290039062500000e+04
3.069436328125000000e+04
3.461625781250000000e+04
2.963894140625000000e+04
2.288609375000000000e+04
2.957432812500000000e+04
3.026816406250000000e+04
3.425092187500000000e+04
2.854961132812500000e+04
2.960561132812500000e+04
3.519971484375000000e+04
3.278692187500000000e+04
2.435454492187500000e+04
2.973976367187500000e+04
3.712875781250000000e+04
2.919014453125000000e+04
3.023084375000000000e+04
2.941721875000000000e+04
3.173050781250000000e+04
1.874540820312500000e+04
3.749187109375000000e+04
3.766362500000000000e+04
2.305117773437500000e+04
2.587904687500000000e+04
3.135330859375000000e+04
3.934325390625000000e+04
2.884367968750000000e+04
3.060892187500000000e+04
2.175943359375000000e+04
3.727199218750000000e+04
3.125739062500000000e+04
3.797963281250000000e+04
2.297012109375000000e+04
3.087837304687500000e+04
3.514442578125000000e+04
3.048553710937500000e+04
3.433784765625000000e+04
3.202758203125000000e+04
3.934386718750000000e+04
3.586160937500000000e+04
3.258373242187500000e+04
2.844603515625000000e+04
2.888568359375000000e+04
2.996110546875000000e+04
3.211654687500000000e+04
3.378785156250000000e+04
3.094715234375000000e+04
2.640986132812500000e+04
3.059933984375000000e+04
2.508355664062500000e+04
3.091704296875000000e+04
2.926515429687500000e+04
2.952438671875000000e+04
2.790909765625000000e+04
2.826612695312500000e+04
3.446492187500000000e+04
3.040257226562500000e+04
2.790442968750000000e+04
3.841151171875000000e+04
3.463580468750000000e+04
3.967104687500000000e+04
3.163441015625000000e+04
3.077374609375000000e+04
2.811963867187500000e+04
2.406859179687500000e+04
2.459601171875000000e+04
2.960946875000000000e+04
3.509041015625000000e+04
3.984550781250000000e+04
3.907292968750000000e+04
2.993488476562500000e+04
3.543729687500000000e+04
2.459143359375000000e+04
2.484564843750000000e+04
2.654302148437500000e+04
3.032033593750000000e+04
3.432611328125000000e+04
2.649650195312500000e+04
3.360589062500000000e+04
3.624158593750000000e+04
2.898440625000000000e+04
2.744994531250000000e+04
3.391645312500000000e+04
2.441874023437500000e+04
2.908804101562500000e+04
2.700998046875000000e+04
2.300324218750000000e+04
2.989353515625000000e+04
2.838406250000000000e+04
2.931083203125000000e+04
3.002883984375000000e+04
3.424032031250000000e+04
3.557160937500000000e+04
2.982322265625000000e+04
3.110037890625000000e+04
2.746958398437500000e+04
3.134647656250000000e+04
2.600310937500000000e+04
3.280762109375000000e+04
3.533911328125000000e+04
3.574412109375000000e+04
3.326183593750000000e+04
3.780553906250000000e+04
2.365250000000000000e+04
2.990122265625000000e+04
2.570292578125000000e+04
3.489850000000000000e+04
3.579046484375000000e+04
2.522082226562500000e+04
2.431196679687500000e+04
4.113890234375000000e+04
