2.120525312500000000e+05
1.805474375000000000e+05
1.518132500000000000e+05
1.327747187500000000e+05
1.315763750000000000e+05
1.341544687500000000e+05
1.121549765625000000e+05
1.176376328125000000e+05
1.406823437500000000e+05
1.154953437500000000e+05
1.056099687500000000e+05
1.138168125000000000e+05
1.026096250000000000e+05
1.002475625000000000e+05
1.090098281250000000e+05
1.068933437500000000e+05
1.046839687500000000e+05
9.622995312500000000e+04
8.505371093750000000e+04
9.187153906250000000e+04
7.983182031250000000e+04
9.210046093750000000e+04
8.071158593750000000e+04
8.122521875000000000e+04
8.997007812500000000e+04
7.359427343750000000e+04
8.012716406250000000e+04
7.964053906250000000e+04
6.803671875000000000e+04
7.497558593750000000e+04
8.301973437500000000e+04
6.371349609375000000e+04
6.814925781250000000e+04
7.725580468750000000e+04
7.684224218750000000e+04
6.809936718750000000e+04
7.361317187500000000e+04
6.699301562500000000e+04
7.023380468750000000e+04
7.000121093750000000e+04
7.507630468750000000e+04
7.217053125000000000e+04
7.810489843750000000e+04
8.199073437500000000e+04
4.898092187500000000e+04
6.525412500000000000e+04
6.107343750000000000e+04
8.204889843750000000e+04
5.714603906250000000e+04
6.821510937500000000e+04
6.661975781250000000e+04
5.881893359375000000e+04
7.195210937500000000e+04
5.114588671875000000e+04
6.744347656250000000e+04
7.970079687500000000e+04
8.510283593750000000e+04
6.474283984375000000e+04
6.372539843750000000e+04
8.182353125000000000e+04
6.337713281250000000e+04
5.786214062500000000e+04
7.504346093750000000e+04
6.987346875000000000e+04
6.477297265625000000e+04
6.673276562500000000e+04
6.719700781250000000e+04
6.238601171875000000e+04
6.335976562500000000e+04
6.883196093750000000e+04
6.281054296875000000e+04
4.488823046875000000e+04
6.322827343750000000e+04
8.115797656250000000e+04
6.660299218750000000e+04
6.863375000000000000e+04
5.995260156250000000e+04
6.895428125000000000e+04
6.516825390625000000e+04
6.378260937500000000e+04
6.049503515625000000e+04
6.648919531250000000e+04
5.975294140625000000e+04
5.461497656250000000e+04
6.739834375000000000e+04
7.470864062500000000e+04
6.270307031250000000e+04
7.249796875000000000e+04
5.131625390625000000e+04
6.513451171875000000e+04
6.508472265625000000e+04
5.766404296875000000e+04
5.890747656250000000e+04
7.949556250000000000e+04
6.961982812500000000e+04
6.625174218750000000e+04
6.677625000000000000e+04
6.221566796875000000e+04
7.243589843750000000e+04
6.421408203125000000e+04
6.292898437500000000e+04
5.185485546875000000e+04
7.949036718750000000e+04
5.859748828125000000e+04
5.626903515625000000e+04
7.176770312500000000e+04
7.791642187500000000e+04
6.469591796875000000e+04
7.208503125000000000e+04
5.745161328125000000e+04
6.023495703125000000e+04
7.594689062500000000e+04
6.594858593750000000e+04
8.322768750000000000e+04
5.257623046875000000e+04
6.352573437500000000e+04
6.709488281250000000e+04
6.170880468750000000e+04
5.755566796875000000e+04
5.186168359375000000e+04
7.141382031250000000e+04
7.546772656250000000e+04
6.011735156250000000e+04
5.739468359375000000e+04
7.216063281250000000e+04
7.016071875000000000e+04
6.236047265625000000e+04
5.657319140625000000e+04
6.153805468750000000e+04
5.369864062500000000e+04
5.945253125000000000e+04
6.328291406250000000e+04
6.720335156250000000e+04
6.306533984375000000e+04
7.209131250000000000e+04
5.418865625000000000e+04
6.090296875000000000e+04
5.778200000000000000e+04
6.494676953125000000e+04
6.729434375000000000e+04
5.566846484375000000e+04
5.357589062500000000e+04
5.574135156250000000e+04
6.328794140625000000e+04
5.553650390625000000e+04
5.144947656250000000e+04
4.641498828125000000e+04
5.617215234375000000e+04
4.454128125000000000e+04
5.337533984375000000e+04
6.458468750000000000e+04
6.779504687500000000e+04
5.909974218750000000e+04
5.082620312500000000e+04
6.282160937500000000e+04
5.650768359375000000e+04
5.805537109375000000e+04
6.599697656250000000e+04
5.221005859375000000e+04
6.019215625000000000e+04
5.319791406250000000e+04
3.976724609375000000e+04
5.309385546875000000e+04
4.400832421875000000e+04
5.334379687500000000e+04
5.553759375000000000e+04
5.507275781250000000e+04
5.413506640625000000e+04
5.058564062500000000e+04
5.282847265625000000e+04
5.581867187500000000e+04
6.287491796875000000e+04
4.647850781250000000e+04
5.254587500000000000e+04
5.611815625000000000e+04
5.462223828125000000e+04
6.211634765625000000e+04
5.946482031250000000e+04
4.915802343750000000e+04
5.331317578125000000e+04
5.398867187500000000e+04
6.656535937500000000e+04
5.802059375000000000e+04
5.431498046875000000e+04
6.326808593750000000e+04
4.909967187500000000e+04
5.119985937500000000e+04
4.684708984375000000e+04
4.546825781250000000e+04
6.059406250000000000e+04
6.380800000000000000e+04
4.904493359375000000e+04
6.357283203125000000e+04
4.807125000000000000e+04
4.063746875000000000e+04
5.060704687500000000e+04
5.149682812500000000e+04
5.047426953125000000e+04
5.743930468750000000e+04
4.387669140625000000e+04
5.121398437500000000e+04
5.423985156250000000e+04
5.027517968750000000e+04
4.784561718750000000e+04
4.423257421875000000e+04
4.742185546875000000e+04
5.548301953125000000e+04
4.612007421875000000e+04
4.808060546875000000e+04
5.030162500000000000e+04
5.084507031250000000e+04
6.235853125000000000e+04
5.674328125000000000e+04
5.990267187500000000e+04
5.044667578125000000e+04
5.288016796875000000e+04
6.472896093750000000e+04
4.554398046875000000e+04
4.932980078125000000e+04
3.388562500000000000e+04
5.150643359375000000e+04
5.312716015625000000e+04
4.726270312500000000e+04
7.235670312500000000e+04
3.828600000000000000e+04
4.575544921875000000e+04
4.960537500000000000e+04
4.613898437500000000e+04
6.206801171875000000e+04
5.044848437500000000e+04
4.375132031250000000e+04
5.151804687500000000e+04
5.620355468750000000e+04
5.850421484375000000e+04
6.109707812500000000e+04
5.211965625000000000e+04
5.398028906250000000e+04
3.698013281250000000e+04
4.866490625000000000e+04
5.280731640625000000e+04
5.477828515625000000e+04
4.192269531250000000e+04
4.929180468750000000e+04
5.202258984375000000e+04
5.697998046875000000e+04
5.423088671875000000e+04
4.879869921875000000e+04
3.368313281250000000e+04
4.226762500000000000e+04
5.033684375000000000e+04
3.536401562500000000e+04
4.367119921875000000e+04
5.151964062500000000e+04
4.161769531250000000e+04
5.109158984375000000e+04
4.395487890625000000e+04
4.443738671875000000e+04
4.755038671875000000e+04
4.027778906250000000e+04
4.902614453125000000e+04
5.086741015625000000e+04
3.462104296875000000e+04
4.690782421875000000e+04
4.361048437500000000e+04
4.748384375000000000e+04
4.754692578125000000e+04
5.564233593750000000e+04
3.821932031250000000e+04
5.140011718750000000e+04
5.465451953125000000e+04
3.317201562500000000e+04
4.922409765625000000e+04
4.650450000000000000e+04
4.195475390625000000e+04
3.964930468750000000e+04
5.066247265625000000e+04
4.371813281250000000e+04
4.316662500000000000e+04
4.391161328125000000e+04
5.264437500000000000e+04
4.594187500000000000e+04
3.625708593750000000e+04
4.089904687500000000e+04
4.423910546875000000e+04
4.020743750000000000e+04
5.013687890625000000e+04
3.652431250000000000e+04
5.101787500000000000e+04
4.253351562500000000e+04
4.641192187500000000e+04
5.106909375000000000e+04
3.846512500000000000e+04
4.826455859375000000e+04
5.228681250000000000e+04
3.972822265625000000e+04
4.229989062500000000e+04
4.652062890625000000e+04
3.817402343750000000e+04
4.155992187500000000e+04
4.903207031250000000e+04
4.643492968750000000e+04
4.468081250000000000e+04
4.862242578125000000e+04
4.361313281250000000e+04
4.401818359375000000e+04
5.674087500000000000e+04
4.846476953125000000e+04
4.717849609375000000e+04
4.475860546875000000e+04
3.926535937500000000e+04
4.462951562500000000e+04
4.908037890625000000e+04
3.740354296875000000e+04
4.128510546875000000e+04
3.288221875000000000e+04
4.949517578125000000e+04
3.590950000000000000e+04
5.113728906250000000e+04
4.417808593750000000e+04
3.615881250000000000e+04
4.702786718750000000e+04
6.311706640625000000e+04
4.429032421875000000e+04
4.545247265625000000e+04
4.030404687500000000e+04
4.641303515625000000e+04
3.881777734375000000e+04
4.225158984375000000e+04
5.074412890625000000e+04
5.322357812500000000e+04
4.535516015625000000e+04
5.142036328125000000e+04
3.860685546875000000e+04
4.198831640625000000e+04
4.457437500000000000e+04
4.134045312500000000e+04
3.368003906250000000e+04
4.016881640625000000e+04
4.224756640625000000e+04
5.228425390625000000e+04
4.156186718750000000e+04
3.986610156250000000e+04
4.479596484375000000e+04
4.443664843750000000e+04
5.173242968750000000e+04
4.108425781250000000e+04
4.720455859375000000e+04
4.865899218750000000e+04
4.340127734375000000e+04
3.820137109375000000e+04
4.436712890625000000e+04
4.213243359375000000e+04
3.853878906250000000e+04
5.276887500000000000e+04
4.796265234375000000e+04
4.451211718750000000e+04
3.710450781250000000e+04
4.652656640625000000e+04
4.283810546875000000e+04
4.799660937500000000e+04
4.016438281250000000e+04
3.983075390625000000e+04
4.113691796875000000e+04
3.333435156250000000e+04
3.467289062500000000e+04
4.076734375000000000e+04
3.534767187500000000e+04
4.659993750000000000e+04
3.803807812500000000e+04
4.206080859375000000e+04
4.422756250000000000e+04
4.501672265625000000e+04
4.477379687500000000e+04
3.489626171875000000e+04
5.746087500000000000e+04
4.155124218750000000e+04
5.064458593750000000e+04
3.852683203125000000e+04
4.584227343750000000e+04
4.539368359375000000e+04
4.709997265625000000e+04
4.524407031250000000e+04
4.092423046875000000e+04
5.022962109375000000e+04
4.216185546875000000e+04
4.315398828125000000e+04
3.797928906250000000e+04
4.271982031250000000e+04
4.214340234375000000e+04
3.933237500000000000e+04
4.393648437500000000e+04
4.807444531250000000e+04
4.196760156250000000e+04
4.338362109375000000e+04
3.448010156250000000e+04
4.652197656250000000e+04
4.496104296875000000e+04
4.448048828125000000e+04
3.832459765625000000e+04
5.202668359375000000e+04
4.998314062500000000e+04
4.506725000000000000e+04
3.383327343750000000e+04
4.576765625000000000e+04
4.725467968750000000e+04
3.991082812500000000e+04
4.787494531250000000e+04
4.525466796875000000e+04
5.656703125000000000e+04
3.681314453125000000e+04
3.529269531250000000e+04
3.517117187500000000e+04
4.566295312500000000e+04
4.671493750000000000e+04
4.225891015625000000e+04
4.076026562500000000e+04
4.485161328125000000e+04
3.933462890625000000e+04
3.914703515625000000e+04
4.274033203125000000e+04
3.847552343750000000e+04
3.897874218750000000e+04
4.769407031250000000e+04
4.658975000000000000e+04
4.980562890625000000e+04
2.981481054687500000e+04
3.755060937500000000e+04
3.436329687500000000e+04
3.804553515625000000e+04
3.520494531250000000e+04
4.902733984375000000e+04
3.897606250000000000e+04
4.610917968750000000e+04
3.853871875000000000e+04
4.394496875000000000e+04
4.575214843750000000e+04
3.998187500000000000e+04
4.039041406250000000e+04
3.559377343750000000e+04
3.948853906250000000e+04
4.412264453125000000e+04
5.735177734375000000e+04
3.738091015625000000e+04
3.650394921875000000e+04
4.869742968750000000e+04
4.118580859375000000e+04
3.764966015625000000e+04
3.309037500000000000e+04
3.566604296875000000e+04
4.187886328125000000e+04
4.398333984375000000e+04
4.244005468750000000e+04
4.674901171875000000e+04
2.689237109375000000e+04
4.065468359375000000e+04
4.039367968750000000e+04
4.015559765625000000e+04
2.841645117187500000e+04
4.475408984375000000e+04
5.101879296875000000e+04
3.574642187500000000e+04
4.392555859375000000e+04
4.326062500000000000e+04
3.803543750000000000e+04
3.381450000000000000e+04
4.370628125000000000e+04
3.980720703125000000e+04
3.760666015625000000e+04
3.745778906250000000e+04
4.182604687500000000e+04
4.291008984375000000e+04
3.428737500000000000e+04
3.780023437500000000e+04
2.981951757812500000e+04
3.825660156250000000e+04
4.105945312500000000e+04
3.190397851562500000e+04
4.552552343750000000e+04
3.842987890625000000e+04
4.693200000000000000e+04
3.111814062500000000e+04
3.622160937500000000e+04
5.274029296875000000e+04
3.993075781250000000e+04
3.602589062500000000e+04
3.205379492187500000e+04
4.879463281250000000e+04
4.119646093750000000e+04
4.232765625000000000e+04
2.694909765625000000e+04
2.262350195312500000e+04
3.801077734375000000e+04
3.831242578125000000e+04
3.788437890625000000e+04
4.274851171875000000e+04
3.287668750000000000e+04
3.808816015625000000e+04
4.343435546875000000e+04
4.849100390625000000e+04
3.957626562500000000e+04
