2.293305781250000000e+05
1.471959375000000000e+05
1.515432968750000000e+05
1.408349687500000000e+05
1.238257109375000000e+05
1.354515156250000000e+05
1.240472187500000000e+05
1.168742656250000000e+05
1.115887734375000000e+05
1.059742812500000000e+05
1.006890703125000000e+05
9.912441406250000000e+04
8.063286718750000000e+04
8.206554687500000000e+04
8.631082031250000000e+04
7.823899218750000000e+04
7.254655468750000000e+04
8.355862500000000000e+04
6.910371875000000000e+04
7.115689843750000000e+04
5.960320312500000000e+04
5.727879296875000000e+04
6.629932812500000000e+04
6.818542187500000000e+04
6.971188281250000000e+04
6.485605468750000000e+04
6.081741015625000000e+04
6.177442968750000000e+04
6.777557031250000000e+04
6.810278906250000000e+04
6.428106640625000000e+04
6.614960937500000000e+04
6.762845312500000000e+04
5.783225781250000000e+04
6.009974218750000000e+04
5.834883203125000000e+04
6.027489453125000000e+04
7.021430468750000000e+04
6.380450390625000000e+04
5.852100390625000000e+04
5.489725390625000000e+04
6.389626562500000000e+04
5.941916406250000000e+04
4.705814062500000000e+04
6.435567968750000000e+04
4.906771875000000000e+04
5.413522656250000000e+04
7.194082031250000000e+04
6.079379296875000000e+04
6.351466406250000000e+04
6.253177343750000000e+04
6.070433203125000000e+04
5.539978125000000000e+04
5.461204687500000000e+04
5.094383984375000000e+04
4.522782031250000000e+04
5.925989843750000000e+04
5.539369140625000000e+04
4.544173828125000000e+04
5.712380078125000000e+04
5.019992187500000000e+04
6.011753906250000000e+04
5.174563671875000000e+04
4.984202734375000000e+04
6.228344921875000000e+04
6.037831250000000000e+04
5.684438281250000000e+04
5.938742187500000000e+04
5.244139453125000000e+04
5.905748437500000000e+04
4.854210546875000000e+04
6.098657421875000000e+04
5.077103515625000000e+04
4.840760937500000000e+04
6.609094531250000000e+04
5.809803515625000000e+04
6.882425000000000000e+04
6.197439843750000000e+04
4.857764453125000000e+04
5.786111328125000000e+04
4.998400000000000000e+04
5.024413671875000000e+04
5.084739843750000000e+04
4.689265234375000000e+04
6.231389062500000000e+04
5.404519140625000000e+04
5.269570312500000000e+04
5.136441406250000000e+04
5.202379687500000000e+04
4.899461328125000000e+04
4.556993359375000000e+04
4.559187890625000000e+04
5.588130468750000000e+04
4.411686718750000000e+04
4.951509375000000000e+04
5.040869140625000000e+04
4.462336718750000000e+04
4.900891796875000000e+04
5.134300390625000000e+04
4.314976171875000000e+04
4.010312890625000000e+04
5.075691796875000000e+04
4.011405078125000000e+04
4.871361328125000000e+04
5.046683984375000000e+04
5.338104296875000000e+04
5.525557031250000000e+04
4.048217968750000000e+04
5.021263281250000000e+04
4.282870703125000000e+04
5.435601953125000000e+04
4.793676562500000000e+04
4.603996875000000000e+04
5.380479687500000000e+04
4.257254296875000000e+04
4.472996875000000000e+04
4.931352343750000000e+04
5.447042968750000000e+04
5.235973828125000000e+04
5.698251953125000000e+04
4.834856640625000000e+04
4.594150781250000000e+04
5.471270703125000000e+04
4.537484375000000000e+04
5.066976171875000000e+04
5.338719140625000000e+04
5.654636328125000000e+04
4.664238281250000000e+04
4.877071093750000000e+04
4.687512500000000000e+04
5.493730078125000000e+04
5.327333203125000000e+04
4.277626562500000000e+04
5.611765625000000000e+04
5.403288281250000000e+04
4.481837500000000000e+04
4.966034765625000000e+04
4.759716796875000000e+04
6.032242578125000000e+04
4.447514843750000000e+04
3.904316015625000000e+04
5.549430859375000000e+04
4.451790625000000000e+04
5.360612109375000000e+04
3.439278125000000000e+04
4.352794921875000000e+04
4.988467968750000000e+04
3.692548828125000000e+04
4.911055859375000000e+04
4.467086328125000000e+04
4.521797656250000000e+04
4.485359765625000000e+04
4.803024609375000000e+04
5.085557421875000000e+04
4.748712890625000000e+04
4.182944531250000000e+04
4.210183593750000000e+04
4.238262890625000000e+04
4.354581250000000000e+04
5.418867578125000000e+04
5.514067187500000000e+04
4.310294921875000000e+04
4.462564453125000000e+04
4.428380468750000000e+04
4.626104687500000000e+04
4.605407031250000000e+04
4.707769140625000000e+04
4.409102734375000000e+04
4.735295703125000000e+04
3.840319531250000000e+04
4.456072265625000000e+04
3.894428125000000000e+04
4.989352734375000000e+04
3.705073437500000000e+04
3.702185937500000000e+04
4.121734375000000000e+04
4.756985937500000000e+04
4.253813671875000000e+04
4.038898828125000000e+04
4.202523046875000000e+04
4.809122656250000000e+04
4.401061718750000000e+04
3.483256640625000000e+04
3.801150000000000000e+04
4.001059765625000000e+04
3.922549218750000000e+04
3.736616796875000000e+04
3.785645312500000000e+04
4.477222656250000000e+04
4.437441796875000000e+04
4.809246093750000000e+04
3.044233398437500000e+04
5.178314843750000000e+04
4.607304687500000000e+04
3.953506640625000000e+04
4.501133984375000000e+04
4.243539843750000000e+04
4.016700390625000000e+04
3.905065234375000000e+04
5.020080468750000000e+04
3.517715234375000000e+04
4.442315234375000000e+04
5.114901953125000000e+04
4.764056250000000000e+04
4.037212500000000000e+04
4.216584765625000000e+04
4.191755468750000000e+04
4.422173437500000000e+04
4.279968750000000000e+04
3.358349609375000000e+04
3.531895312500000000e+04
4.153645703125000000e+04
3.476826953125000000e+04
3.421953125000000000e+04
3.870809765625000000e+04
4.108168359375000000e+04
3.445922265625000000e+04
3.738250390625000000e+04
3.563996484375000000e+04
3.750160937500000000e+04
3.813580859375000000e+04
4.030081640625000000e+04
4.577525781250000000e+04
4.779628515625000000e+04
2.930735351562500000e+04
3.618907031250000000e+04
3.470024218750000000e+04
3.296256640625000000e+04
3.999647656250000000e+04
3.193371875000000000e+04
4.519103125000000000e+04
3.505055468750000000e+04
4.203012109375000000e+04
4.010218359375000000e+04
4.218156250000000000e+04
4.789089453125000000e+04
4.192728515625000000e+04
4.509773046875000000e+04
3.988071093750000000e+04
4.886657031250000000e+04
3.311732031250000000e+04
4.150529687500000000e+04
3.764928515625000000e+04
3.120839062500000000e+04
2.919108593750000000e+04
3.548876953125000000e+04
4.498257031250000000e+04
4.140717187500000000e+04
3.583441015625000000e+04
4.644884375000000000e+04
4.467333203125000000e+04
3.458689453125000000e+04
4.057605078125000000e+04
4.190527343750000000e+04
4.663600000000000000e+04
3.754203125000000000e+04
3.557941015625000000e+04
3.875489453125000000e+04
4.072996875000000000e+04
4.221760156250000000e+04
3.555710937500000000e+04
3.640133984375000000e+04
4.667692968750000000e+04
4.189778906250000000e+04
4.195639062500000000e+04
4.477116015625000000e+04
2.814492578125000000e+04
3.708000781250000000e+04
4.256362109375000000e+04
3.637319531250000000e+04
3.990599609375000000e+04
4.658463281250000000e+04
3.403776171875000000e+04
3.554794140625000000e+04
4.853672265625000000e+04
3.463065234375000000e+04
4.054275390625000000e+04
4.001598046875000000e+04
2.904309765625000000e+04
3.809108984375000000e+04
3.900679687500000000e+04
4.049547656250000000e+04
3.495491015625000000e+04
3.407355468750000000e+04
4.539764453125000000e+04
4.847474609375000000e+04
4.243209765625000000e+04
3.946262109375000000e+04
3.833006640625000000e+04
5.258662109375000000e+04
3.691871093750000000e+04
4.573205468750000000e+04
3.920351953125000000e+04
3.317925000000000000e+04
3.289936718750000000e+04
3.907859375000000000e+04
3.658238671875000000e+04
4.329991406250000000e+04
3.343655078125000000e+04
4.980244921875000000e+04
