2.373278593750000000e+05
1.605570625000000000e+05
1.363193750000000000e+05
1.547871250000000000e+05
1.421627187500000000e+05
1.227106718750000000e+05
1.289226796875000000e+05
1.226175625000000000e+05
1.199631093750000000e+05
1.003714296875000000e+05
1.055611484375000000e+05
9.651014062500000000e+04
9.655000781250000000e+04
1.032139687500000000e+05
8.928228125000000000e+04
8.580809375000000000e+04
9.257502343750000000e+04
8.492809375000000000e+04
7.296332812500000000e+04
7.798221875000000000e+04
7.097386718750000000e+04
8.823010937500000000e+04
8.000912500000000000e+04
5.837676171875000000e+04
7.578337500000000000e+04
7.238738281250000000e+04
6.587175000000000000e+04
6.441694531250000000e+04
6.888890625000000000e+04
6.392374218750000000e+04
6.992230468750000000e+04
5.390264062500000000e+04
5.988289453125000000e+04
6.164349609375000000e+04
6.671331250000000000e+04
6.131826171875000000e+04
6.276015234375000000e+04
6.759892187500000000e+04
6.735743750000000000e+04
6.356073046875000000e+04
6.707223437500000000e+04
5.603299218750000000e+04
5.414638671875000000e+04
5.371448828125000000e+04
4.744480468750000000e+04
5.431114453125000000e+04
7.013477343750000000e+04
5.859721093750000000e+04
4.934827734375000000e+04
5.198214062500000000e+04
5.728479296875000000e+04
5.443869140625000000e+04
5.720246484375000000e+04
5.061119140625000000e+04
5.641114843750000000e+04
5.327384375000000000e+04
5.641136718750000000e+04
6.394280859375000000e+04
6.330685156250000000e+04
6.200813671875000000e+04
5.408125390625000000e+04
5.777948828125000000e+04
4.343987109375000000e+04
4.764467187500000000e+04
5.236365234375000000e+04
5.603089453125000000e+04
4.531357031250000000e+04
5.318283593750000000e+04
7.303100781250000000e+04
4.552866015625000000e+04
5.952941406250000000e+04
4.699476171875000000e+04
5.900716015625000000e+04
5.826332031250000000e+04
4.920083203125000000e+04
4.410819140625000000e+04
5.145012890625000000e+04
5.341473046875000000e+04
5.719338281250000000e+04
5.964398046875000000e+04
5.378136328125000000e+04
5.013762500000000000e+04
4.603916015625000000e+04
4.958882031250000000e+04
5.890394140625000000e+04
4.346932812500000000e+04
5.819117578125000000e+04
5.053309765625000000e+04
5.029492578125000000e+04
4.720801953125000000e+04
4.553950000000000000e+04
5.147259375000000000e+04
5.513428906250000000e+04
4.748646484375000000e+04
4.942005859375000000e+04
5.510748437500000000e+04
6.316958984375000000e+04
5.625152734375000000e+04
4.417329687500000000e+04
6.375926953125000000e+04
4.599382421875000000e+04
5.076110546875000000e+04
4.753953906250000000e+04
5.372014843750000000e+04
4.367701171875000000e+04
4.942282812500000000e+04
5.561458984375000000e+04
4.837678515625000000e+04
5.280705078125000000e+04
4.260713671875000000e+04
5.135249609375000000e+04
5.270318359375000000e+04
4.796712109375000000e+04
4.881406640625000000e+04
4.608266796875000000e+04
5.622278515625000000e+04
3.900344140625000000e+04
5.664748828125000000e+04
5.443562109375000000e+04
5.019774609375000000e+04
3.911614843750000000e+04
5.536806640625000000e+04
4.652439453125000000e+04
4.501542968750000000e+04
3.880446484375000000e+04
4.253269531250000000e+04
4.515544140625000000e+04
4.327970312500000000e+04
4.334544140625000000e+04
4.983312109375000000e+04
5.020753125000000000e+04
4.903198437500000000e+04
5.379837890625000000e+04
4.868574218750000000e+04
5.049842578125000000e+04
5.361165625000000000e+04
3.805905859375000000e+04
4.152711718750000000e+04
4.720797656250000000e+04
4.135374609375000000e+04
5.149635156250000000e+04
4.685063671875000000e+04
4.521092968750000000e+04
5.099051171875000000e+04
4.853933203125000000e+04
5.550227343750000000e+04
5.167899218750000000e+04
4.789218359375000000e+04
5.124822656250000000e+04
4.166629296875000000e+04
3.857187500000000000e+04
4.532193359375000000e+04
4.590587109375000000e+04
4.488087890625000000e+04
3.727069921875000000e+04
3.472525390625000000e+04
4.761981250000000000e+04
3.456825781250000000e+04
3.101336328125000000e+04
3.700789453125000000e+04
3.955221093750000000e+04
4.487278125000000000e+04
4.352011718750000000e+04
3.005230273437500000e+04
4.848800000000000000e+04
4.384664843750000000e+04
5.702507421875000000e+04
4.986089453125000000e+04
4.175500390625000000e+04
4.757815625000000000e+04
4.720326562500000000e+04
4.407703515625000000e+04
4.175452734375000000e+04
3.852795703125000000e+04
4.019319531250000000e+04
4.074360546875000000e+04
3.505876953125000000e+04
4.893571875000000000e+04
3.961559375000000000e+04
5.466414453125000000e+04
3.629976953125000000e+04
4.325534375000000000e+04
4.869417187500000000e+04
3.446493750000000000e+04
4.225442187500000000e+04
4.281963281250000000e+04
4.851575781250000000e+04
4.706385937500000000e+04
4.806283593750000000e+04
3.505953125000000000e+04
3.589682421875000000e+04
3.575293750000000000e+04
3.594220312500000000e+04
4.628143750000000000e+04
5.014263281250000000e+04
3.825923828125000000e+04
3.631503125000000000e+04
3.841689062500000000e+04
3.697270312500000000e+04
3.998280859375000000e+04
3.809970703125000000e+04
3.714944921875000000e+04
4.056209765625000000e+04
4.802174609375000000e+04
4.109582031250000000e+04
4.038428125000000000e+04
4.794250000000000000e+04
4.525478906250000000e+04
3.603408203125000000e+04
3.537416406250000000e+04
3.466017578125000000e+04
3.017199804687500000e+04
4.200900781250000000e+04
4.362238281250000000e+04
3.643813671875000000e+04
4.433442187500000000e+04
3.586224218750000000e+04
4.086596093750000000e+04
4.720665625000000000e+04
3.720946875000000000e+04
4.379235937500000000e+04
4.045710937500000000e+04
4.484942187500000000e+04
3.934132031250000000e+04
4.875400390625000000e+04
3.684440234375000000e+04
3.849250390625000000e+04
3.515510546875000000e+04
3.685695703125000000e+04
3.772364843750000000e+04
3.623805859375000000e+04
3.864611328125000000e+04
4.450674218750000000e+04
3.516510156250000000e+04
4.459927343750000000e+04
4.116994140625000000e+04
3.111435937500000000e+04
4.142842968750000000e+04
3.949973828125000000e+04
3.557726953125000000e+04
2.314802148437500000e+04
4.381282031250000000e+04
3.262014648437500000e+04
3.850553515625000000e+04
4.056867187500000000e+04
3.026952734375000000e+04
4.699142187500000000e+04
4.109937890625000000e+04
3.472185156250000000e+04
4.391677734375000000e+04
3.474212109375000000e+04
4.360414453125000000e+04
3.778066406250000000e+04
4.005501171875000000e+04
4.110719921875000000e+04
3.453562109375000000e+04
3.719783593750000000e+04
3.568073046875000000e+04
3.761824609375000000e+04
4.166246093750000000e+04
3.238750976562500000e+04
4.137891015625000000e+04
3.549159375000000000e+04
4.350406250000000000e+04
2.473355664062500000e+04
4.676371875000000000e+04
3.648486718750000000e+04
3.290134765625000000e+04
3.385295703125000000e+04
3.180039453125000000e+04
3.719617968750000000e+04
3.798711718750000000e+04
4.314954687500000000e+04
4.022499609375000000e+04
3.826245312500000000e+04
3.528862890625000000e+04
4.355013671875000000e+04
3.723672656250000000e+04
3.467271093750000000e+04
4.121158593750000000e+04
3.411085546875000000e+04
3.012009765625000000e+04
3.560993750000000000e+04
4.114229687500000000e+04
4.190404687500000000e+04
4.192421093750000000e+04
4.451548046875000000e+04
3.326240625000000000e+04
3.859516015625000000e+04
3.186420703125000000e+04
3.340171093750000000e+04
4.443684375000000000e+04
4.368076171875000000e+04
4.420105078125000000e+04
4.581698828125000000e+04
3.935058203125000000e+04
3.199643359375000000e+04
3.680777343750000000e+04
4.191394531250000000e+04
4.283166796875000000e+04
