8.139576120413659737e+03
5.881717904249523599e+03
3.856699642050441980e+03
2.634015070746071160e+03
2.247168960089662505e+03
1.937427322693298265e+03
1.848123299846852206e+03
1.627794281699228350e+03
1.660728782209319661e+03
1.521999165310402077e+03
1.376281218323425492e+03
1.413860017874967980e+03
1.300500209360392091e+03
1.433065535552438178e+03
1.298853702352736036e+03
1.205972350855728564e+03
1.186309759066709148e+03
1.178219035985248865e+03
9.642122710373570271e+02
1.024229325340383184e+03
9.150384500237901193e+02
9.277746072709461487e+02
9.645348716094102883e+02
8.459061826316519728e+02
8.635491795532182095e+02
8.381673555340005350e+02
8.833996948859173699e+02
8.495811911313919609e+02
8.186712999336916710e+02
8.566184077716590082e+02
8.646220331871711551e+02
7.033159460076535652e+02
7.879918365967631644e+02
7.047089655323446777e+02
7.487329821205241842e+02
6.725038731493859814e+02
6.988660659204222156e+02
6.790502304330854031e+02
8.545523006733436659e+02
6.979998906626404960e+02
6.226704313020147765e+02
7.138579826110787963e+02
6.075132094982911894e+02
6.261352353044618440e+02
5.688977854915111720e+02
6.323848109914133602e+02
6.241642913466001801e+02
5.578671187814193217e+02
5.664756348932550054e+02
5.336145122339825093e+02
6.101527610745554284e+02
5.564152777584564546e+02
5.067125637512226035e+02
4.953159185629988315e+02
6.170501145306774333e+02
5.246472111349288525e+02
6.019376700828318008e+02
4.576500033156744962e+02
5.810470292099822700e+02
5.085920195488332638e+02
5.365383579572885537e+02
5.108730623148915129e+02
4.969514289287954512e+02
5.341008795090098147e+02
5.210610333304200594e+02
5.539342173388120045e+02
5.435626143219801634e+02
4.696885728727570495e+02
5.126997037605314063e+02
5.008367829265735054e+02
5.128835388498666816e+02
5.603767492548248583e+02
4.477822797290094172e+02
4.891183484060456976e+02
4.786709229647688630e+02
4.708459856990467642e+02
4.365754431682545942e+02
4.234989773456571243e+02
5.032976343034152364e+02
5.014791258572149673e+02
4.521470770882438046e+02
4.607658541819495213e+02
4.221386676127045234e+02
4.653024133534619295e+02
5.118585321866975733e+02
3.997867222073655853e+02
4.275982682311640701e+02
3.905594720571214680e+02
6.636654859847441230e+02
5.521747536708281814e+02
4.300339839036001308e+02
4.715789021821852884e+02
4.585155684211017615e+02
4.638335252200425316e+02
4.344354823142380724e+02
4.524979983570159447e+02
4.229375818144652612e+02
3.796882869130054701e+02
3.915864533098533684e+02
3.779993140153777063e+02
3.952809278292422164e+02
4.318109102943692506e+02
3.931844619397563179e+02
3.926818029424476322e+02
3.559509751136031923e+02
4.045627252081502547e+02
3.787026785059098302e+02
3.542888691230102722e+02
3.600378595033632791e+02
4.386870418368908418e+02
3.621853984183771900e+02
3.643620630560147902e+02
3.984382760451834429e+02
4.283315668753477325e+02
4.357167763689184881e+02
4.280165852970084757e+02
4.254742476821482455e+02
4.132099034221524789e+02
3.778786955508654160e+02
3.891252015998282445e+02
3.178754690742287039e+02
3.583468647257253679e+02
3.608483962306447665e+02
3.599331052233389414e+02
3.294750925140219238e+02
3.286957733684520804e+02
3.296433091231390904e+02
2.967432455932594166e+02
4.833487823127399565e+02
4.279815738401617295e+02
3.870117081691117278e+02
4.373756537016483890e+02
3.828226823815729745e+02
4.064193863397399014e+02
3.262460381273592702e+02
3.847373344514002724e+02
3.994077201785133298e+02
3.178802750983134047e+02
3.450732509818628841e+02
3.072892120100379429e+02
3.816034021710800630e+02
3.157361117633425920e+02
3.097843075873218481e+02
4.163534146429058751e+02
3.122888172057525367e+02
4.699968553006657999e+02
3.234581303587344223e+02
3.278050944063420502e+02
2.723416239942981747e+02
3.195048532330876014e+02
3.059275728798663181e+02
2.765542338863422174e+02
3.036597174608191381e+02
2.870768093111212806e+02
3.222644609362999972e+02
3.215249271260769319e+02
3.169909786868192896e+02
3.024573405166847806e+02
2.906056871741137684e+02
3.410614954245559716e+02
2.850024127122791811e+02
3.448931800558628424e+02
2.467496491272095795e+02
2.987876148614292902e+02
2.635173441174538311e+02
2.836106996662600181e+02
3.438927277408863574e+02
2.860233901993563563e+02
3.001005363278468963e+02
2.736399740843665427e+02
2.726280445138028767e+02
3.184516851216322380e+02
2.658288241378574526e+02
2.946019538801642170e+02
2.371334802629369563e+02
2.772239788012994950e+02
2.595872560281105166e+02
2.945721755362985732e+02
2.754969268865917229e+02
2.540730627927065086e+02
2.567059341894079694e+02
2.773124152607251744e+02
2.609920120665020704e+02
2.779943467830115083e+02
2.692659663969172925e+02
2.409613663150122989e+02
2.967058163346378592e+02
2.726601285016966472e+02
2.969482771382254214e+02
2.268034371483995244e+02
2.910812184936550580e+02
2.647206975290213222e+02
2.731807859738517550e+02
2.517505741815116664e+02
2.874241780061198028e+02
2.392590769515355191e+02
2.635118610831390242e+02
2.616665696763648725e+02
3.048046308446894841e+02
2.497040932516222256e+02
2.592359034585162476e+02
2.447118259138906637e+02
2.876358305936948909e+02
2.667904821256657897e+02
2.414298459645391972e+02
2.735767284095811078e+02
2.316835461178098967e+02
2.696130091776406630e+02
2.443379948550546317e+02
2.390265725509685240e+02
2.511231917692140598e+02
2.237386874358046214e+02
2.228004684232876969e+02
2.363054631327735535e+02
2.410788153450743323e+02
2.477538619660666654e+02
2.706946627596014991e+02
2.268718472687721714e+02
2.665841387868893548e+02
2.468772401026619434e+02
3.101126638077369648e+02
1.958828547362203096e+02
2.347875256702427862e+02
2.069643238429897849e+02
2.722674731781366972e+02
2.227900627713063955e+02
2.678789744490307498e+02
2.217914442723982802e+02
2.422403760648806781e+02
3.306628060614170863e+02
2.030743940754834114e+02
2.584930638491302943e+02
2.466609368313230277e+02
2.339431042778974472e+02
2.281050412853557816e+02
1.971958876317013960e+02
2.193607876822034086e+02
2.266004484799027523e+02
2.385975817478785643e+02
2.376877122326916094e+02
2.539619706304868600e+02
2.359936417565362774e+02
2.305519614281695056e+02
2.371117966865924700e+02
2.365853914772511644e+02
2.124389677556340530e+02
2.112734146334760794e+02
2.934896705405154762e+02
1.761061928424809366e+02
2.362808842149922270e+02
1.980168210081379527e+02
2.124838585924032657e+02
2.101340731168324396e+02
2.492370964513148124e+02
1.968152732074726146e+02
2.190151232337701117e+02
2.090614334642942538e+02
2.367954222462079485e+02
2.099145751307354715e+02
2.213197015372500971e+02
2.123503770616275972e+02
2.089630525033740582e+02
2.178874073414832537e+02
2.113121943533538740e+02
2.251761159099489191e+02
2.107709263540369875e+02
2.557001286467739476e+02
2.017899459341645922e+02
2.418467617239049048e+02
2.070914133312240608e+02
2.154332568325395130e+02
2.461500350949322637e+02
2.042825934123426350e+02
2.209038559930726251e+02
1.918234191802105499e+02
1.787570308766136691e+02
2.144515958885300222e+02
2.370320537160935146e+02
2.043226141403616225e+02
2.636905081197385812e+02
1.910914159602989457e+02
2.487513776882172181e+02
2.176013622172913813e+02
1.872650277276331963e+02
2.186953888051374690e+02
2.485334300669711922e+02
1.852153578931596485e+02
1.794013644596818438e+02
2.107647520153676908e+02
1.980242867244021170e+02
2.016039556985956835e+02
2.137374746565775467e+02
2.211798871149779018e+02
2.046170868009066055e+02
1.935746158617754986e+02
2.308438148432457808e+02
1.860923030488486347e+02
1.993421441785253876e+02
1.855841970422747522e+02
1.988002384163170575e+02
2.086313008525623047e+02
2.097062053275296876e+02
1.873597523906359754e+02
2.081690831382763065e+02
1.966966100894550209e+02
1.944498526187767311e+02
2.311191524872184004e+02
1.820320606791646298e+02
2.464513141182076481e+02
1.853354896100551628e+02
1.840299920974599956e+02
2.177377556771007221e+02
2.052478558155731037e+02
2.474053490837601998e+02
1.837008486335890893e+02
1.893034479422620109e+02
2.254013104037030644e+02
1.915754328126249391e+02
2.011826067075864728e+02
1.901916996824122350e+02
1.914967733010887230e+02
1.997689000617887416e+02
2.124760912328313793e+02
2.070360438257948488e+02
1.652952872190569451e+02
2.060261273900397896e+02
1.945980109386426307e+02
1.808061989944448555e+02
1.953246348754062467e+02
1.935188919791908972e+02
1.604535451986166947e+02
2.359268065627811666e+02
2.575850080520430652e+02
1.902349014881242510e+02
1.803589717015720169e+02
1.887839500928318159e+02
1.624374748714662360e+02
2.301746778776256406e+02
2.048436682804718885e+02
1.770906199824487999e+02
1.781436842648893730e+02
1.995774102785793502e+02
1.808868516256589203e+02
2.001367747148242984e+02
1.587411411167334734e+02
1.898642296194828987e+02
1.853309512224246021e+02
1.929717790689037713e+02
2.008877592387304105e+02
2.066022669218004353e+02
1.552642194522966008e+02
1.990079744688681842e+02
1.910342489971858129e+02
2.222163917502598736e+02
1.659278146329487242e+02
1.752918009800010282e+02
1.759314126334255661e+02
1.829413852698652931e+02
1.944048804689614940e+02
1.805614162777088438e+02
1.696535659760751287e+02
1.830164201075578774e+02
1.961574877539958379e+02
1.794823840588720429e+02
1.629392222563871826e+02
1.910942314954497760e+02
1.691305718508226050e+02
1.655326570296835200e+02
1.957016827069149372e+02
2.554719787176739487e+02
1.912835819858683806e+02
1.682906016394237554e+02
2.109207238214595748e+02
1.620431263826244788e+02
2.270012828530086324e+02
2.211407851396413662e+02
1.472074043482022034e+02
1.579033164740098698e+02
1.937274153107177881e+02
1.823232953872856967e+02
2.230528139489309183e+02
1.706121769613224615e+02
1.830613866962551128e+02
1.924452989817654327e+02
1.575796196807684737e+02
1.747916561154511328e+02
1.967039650473787731e+02
1.638196668669774283e+02
2.070941553591807178e+02
1.593570386074670466e+02
1.843541245407467954e+02
1.570239609380957688e+02
1.846396291512064920e+02
1.900830766795482418e+02
1.553747855536209670e+02
1.643872747523692226e+02
2.125601588089007237e+02
1.990020573012780289e+02
1.580741871854812359e+02
1.900729365058281815e+02
1.674506661349702199e+02
1.936091564167957983e+02
1.475546426259651298e+02
1.644028986114142015e+02
1.688388194290496642e+02
1.813913401346603962e+02
1.937795391955790762e+02
1.526530943861856713e+02
1.566201179208049439e+02
1.914585376515788653e+02
1.712693413082138534e+02
2.056054974503800565e+02
1.784069251146873114e+02
1.766021599810665634e+02
2.236189897906469923e+02
1.370698239436258064e+02
1.942731600559284573e+02
1.642836443335161789e+02
1.651092413735118782e+02
1.587724962155636206e+02
1.561938488529420113e+02
2.185377453308022382e+02
1.469740350178339838e+02
2.037569060847768583e+02
1.801885079822145030e+02
1.885313490370109548e+02
1.788757864815780181e+02
1.861327849199240347e+02
1.536770848039429325e+02
1.566152633772972536e+02
1.930894292350250510e+02
1.598889552958701756e+02
1.622962844170247081e+02
1.751493956795590350e+02
2.174971813115110990e+02
1.579215456033408032e+02
1.663620907819055503e+02
1.553001116902499632e+02
1.652591758013704748e+02
1.837672062203231746e+02
1.444580509774944801e+02
1.830295005774145807e+02
1.630652690528249309e+02
1.796406570467664494e+02
1.643512706305363906e+02
1.729577496868117521e+02
1.742427522646459863e+02
1.516200028967843423e+02
1.565007244544940477e+02
1.781922499661423842e+02
1.626403637648851088e+02
1.642341667620455610e+02
1.775834070435588217e+02
1.586451676160458248e+02
1.670127546575931774e+02
1.532686466564786940e+02
1.981692562567723428e+02
1.793601268449785096e+02
1.553216269927750375e+02
1.528233558023001422e+02
1.874673905180890188e+02
1.585867176735667101e+02
1.611505541710632485e+02
1.606743426305699245e+02
1.516265989252643749e+02
1.833081050197191928e+02
1.808694575953444712e+02
1.534972685859797537e+02
1.451044933058958009e+02
1.711925272304315797e+02
1.532250327730556592e+02
1.816316065124025272e+02
1.530057845447636566e+02
2.031026188165282349e+02
1.720130789123385284e+02
1.596868574826783913e+02
1.557229639798188430e+02
1.733987273170329786e+02
1.628405945960845429e+02
1.997769569328448824e+02
1.428448297688870525e+02
1.614262051954810602e+02
1.479184828652711872e+02
1.619056742914463882e+02
1.436847370506515915e+02
1.590880387175821511e+02
1.654378896800238579e+02
1.770881100184919887e+02
1.686571456550200878e+02
1.531454271322727436e+02
1.593016696366185556e+02
1.779866662777816941e+02
1.621577332695507323e+02
1.857558432556851358e+02
1.658679263591174617e+02
1.622507908700222572e+02
1.634901245221599027e+02
1.711218435873697672e+02
1.693980430889444051e+02
1.775073482654627242e+02
1.627529631593238548e+02
1.748184840205246360e+02
1.458240591072257928e+02
1.837435828472880530e+02
1.339179473962821305e+02
1.611136869528612863e+02
1.544643986751983107e+02
1.701626994490103755e+02
1.489571500045990149e+02
1.782164364920884339e+02
1.648387444589584732e+02
1.465813032888789564e+02
1.677540207038042297e+02
1.615383427868375179e+02
1.560661198292389145e+02
1.505093555085993273e+02
1.370934153922104883e+02
2.217380954328264409e+02
1.477886941426238820e+02
1.814345112737006787e+02
1.389393144816841641e+02
1.952688199329401755e+02
2.013862633371897743e+02
1.380291798738584816e+02
1.504677652884086001e+02
1.674711679152104296e+02
1.555956739572991410e+02
1.569342889834536265e+02
1.548143479151989936e+02
1.491251041417671104e+02
1.791716210798614668e+02
1.459673687035954117e+02
2.033915784725377023e+02
1.781493860633096631e+02
1.418942578416184688e+02
1.505558902479251344e+02
1.806413188228473814e+02
1.770245655703765237e+02
1.628024342720455593e+02
1.548530769390997932e+02
1.533914105375160659e+02
1.551657622413407296e+02
1.418925607545767207e+02
1.870179463606681338e+02
1.663188454686910802e+02
1.716459149150681753e+02
1.558291806356187408e+02
1.410155701015868601e+02
1.586074325314046689e+02
1.679726322548071096e+02
1.263351349166669308e+02
1.879345602633392218e+02
1.414481685615768924e+02
1.685705409274827389e+02
1.424158886932495420e+02
1.822037892779631250e+02
1.357892248325949538e+02
1.511988146139769356e+02
1.479897614690800367e+02
1.686280449887459270e+02
1.449776952750515591e+02
1.598254019505362180e+02
1.514351855594358938e+02
1.522191101092541885e+02
1.797792816410518242e+02
1.298731807313136244e+02
1.459035026318736925e+02
1.431901018482350025e+02
1.601153848072519850e+02
1.279090626169110863e+02
2.043312562038305487e+02
1.324377661383993541e+02
1.509459335154030839e+02
1.476820421993411401e+02
1.488040962218983339e+02
1.615849040296729981e+02
1.667083860017796155e+02
1.556991908702036369e+02
1.571526082655879293e+02
1.434978217702900167e+02
1.595147761481330519e+02
1.342847468429354194e+02
1.602894299910539360e+02
1.384778810050547975e+02
1.748370056682749123e+02
1.568409504463186863e+02
1.537693437833816006e+02
2.103388191743572690e+02
1.410797130736789882e+02
1.539821553622653028e+02
1.529525340281627450e+02
1.482450603913390808e+02
1.456187624687111963e+02
1.440888649527888390e+02
1.256052234626577899e+02
1.484165526491357809e+02
1.522242598550749051e+02
1.864875757562373906e+02
1.647014258022722686e+02
1.483531969643390767e+02
1.304979675658397582e+02
1.622764474660043277e+02
1.612793362301958382e+02
1.387024866310921425e+02
1.456471449516249947e+02
1.887493198138785431e+02
1.357130883417362668e+02
1.354217600348891608e+02
1.402572519152512029e+02
1.508317957832821037e+02
1.544681689365028205e+02
1.597503070705138839e+02
1.632557042934147091e+02
1.544257497655635802e+02
1.369365094394925677e+02
1.601448715590238692e+02
1.709572048863062719e+02
1.504889011449417922e+02
1.285173627531909517e+02
1.775968423474286340e+02
1.379879380579885151e+02
1.375731843273065920e+02
1.555585540153394106e+02
1.687926948813053798e+02
1.280411542205533522e+02
1.543335354575846452e+02
1.499539017987786167e+02
1.677590727892785765e+02
1.483272792307336374e+02
1.350568689462638758e+02
1.600106929828544935e+02
1.417217389518523305e+02
1.287442310424588356e+02
1.330096857339326846e+02
1.616209345678379066e+02
1.457145134562818498e+02
1.502387936306441247e+02
1.326806152871236009e+02
1.607665850248817776e+02
1.533732759979297668e+02
1.993537148523004987e+02
1.349595645558071624e+02
1.322082440628315965e+02
1.652484108639818601e+02
1.752321468067900696e+02
1.526378581140643291e+02
1.418655833957976711e+02
1.529790319584413396e+02
1.436618053160745774e+02
1.406446769226999436e+02
1.295352588219111851e+02
1.414114591902091718e+02
1.914982590398178388e+02
1.718443061897828841e+02
1.377437719887322771e+02
1.851661033692520562e+02
1.309499819574423043e+02
1.682191360707886929e+02
1.401418665632230045e+02
1.185426976279429994e+02
1.519863475753062119e+02
1.457916456291388556e+02
1.276004095323917795e+02
1.684567436435848435e+02
1.491178056271090782e+02
1.500219228948459431e+02
1.363731626397507455e+02
1.572085896178575695e+02
1.331332061349280593e+02
1.417939157802372847e+02
1.436762647252779175e+02
1.335556309287492525e+02
1.349729830227805962e+02
1.463886228845216237e+02
1.450815580875397757e+02
1.448588876939635099e+02
1.399472285024237124e+02
1.360017286739096676e+02
1.640507640656552155e+02
1.466684092642894939e+02
1.457244412194854704e+02
1.323745988148752417e+02
1.374536641823461309e+02
1.485448313889729377e+02
1.453257032964506550e+02
1.477179878913921129e+02
1.485635497518426291e+02
2.070184162888099877e+02
1.339918629820750766e+02
1.403315937628237862e+02
1.547914177562380189e+02
1.528914649352317667e+02
1.361755553187320515e+02
1.349826260011918180e+02
1.374580006907422955e+02
1.233072116327057159e+02
1.448661182153086031e+02
1.405158750605460511e+02
1.284950171224719782e+02
1.482949986928277610e+02
1.308626906719302099e+02
1.528016935147498430e+02
1.483337434664424563e+02
1.268516834176198813e+02
1.427786800810090710e+02
1.540192603216030989e+02
1.584165292776017111e+02
1.378019825401074741e+02
1.609184582284238161e+02
1.190933541636241415e+02
1.416069028850556890e+02
1.520340953162667859e+02
1.414298525213306448e+02
1.544840817801896549e+02
1.399070280852335486e+02
1.399571908525085746e+02
1.358823987774071043e+02
1.442761638452799389e+02
1.496237975305758141e+02
1.663828841819013746e+02
1.242805304796416692e+02
1.654167861492335021e+02
1.591351960957847211e+02
1.173720035056479105e+02
1.518419739128184176e+02
1.482119069141908767e+02
1.367191218525430543e+02
1.399380679992125351e+02
1.641426010815818017e+02
1.338690555835736404e+02
1.509334248617083745e+02
1.493283454506928365e+02
1.285051384163175783e+02
1.405449492901087183e+02
1.423976319818955290e+02
1.549205631042966900e+02
1.372495657755018783e+02
1.393862777389838641e+02
1.400999364160713583e+02
1.292282761159061408e+02
1.400659494631905773e+02
1.362706915765205054e+02
1.487748853444057318e+02
1.395614270248269690e+02
1.729938061115013568e+02
1.339198055349959020e+02
1.309356328364064268e+02
1.514689372525531326e+02
1.405885761758268586e+02
1.428970878763145436e+02
1.253252787944887245e+02
1.488337815483755833e+02
1.317099705788627944e+02
1.388956598277831063e+02
1.384284024687563317e+02
1.403535494932682184e+02
1.305783533053901806e+02
1.491275517631292189e+02
1.458578850126418729e+02
1.325539020798926231e+02
1.500252991739481558e+02
1.561627231805701967e+02
1.204319758651579804e+02
1.353042035328787165e+02
1.343345933106444363e+02
1.368234629447646569e+02
1.707618354389715591e+02
1.420420636527407510e+02
1.381744130062666898e+02
1.310338067331426259e+02
1.363700708001248358e+02
1.528182318380036122e+02
1.135804211540110060e+02
1.283472472810014153e+02
1.241336337777829755e+02
1.493171668554855671e+02
1.366989332858275077e+02
1.644024212964980620e+02
1.485904042029337404e+02
1.273298914801184338e+02
1.325485172022013387e+02
1.454753519858898585e+02
1.356232778275399937e+02
1.510204212131175723e+02
1.185398818006986517e+02
1.324375573444735892e+02
1.461960812518360626e+02
1.589690810236807863e+02
1.371295237363725334e+02
1.278424547959047715e+02
1.477898515260047816e+02
1.215283490167466169e+02
1.502725239189285560e+02
1.569928000473827012e+02
1.633928691207537156e+02
1.133062907578607224e+02
1.406343000427028471e+02
1.338192579776655009e+02
1.748665643879789116e+02
1.239478679405244321e+02
1.271709059704447782e+02
1.452495382487149982e+02
1.277603141852780340e+02
1.532556803234562608e+02
1.202918868044175156e+02
1.330500053638376698e+02
1.248620760121612676e+02
1.264062180626569614e+02
1.694161891446459265e+02
1.483005736984447935e+02
1.398291302415549637e+02
1.143185764130091968e+02
1.293388045928169277e+02
1.473435644776471065e+02
1.506990819626571465e+02
1.256533658296218903e+02
1.353467899923882101e+02
1.515422201789800738e+02
1.208086968917796042e+02
1.332129584334018659e+02
1.433590470758995252e+02
1.136625731050456523e+02
1.395505264242730448e+02
1.348037201309132911e+02
1.277145269373582295e+02
1.524776913767325652e+02
1.286911753803792919e+02
1.456381157573873679e+02
1.293332781225981307e+02
1.550898731915018232e+02
1.187649447771944153e+02
1.303799330480862579e+02
1.381185243073768163e+02
1.457489786010671935e+02
1.416966930840135319e+02
1.369741068224439857e+02
1.314834277849965360e+02
1.159000224013101672e+02
1.367093373340405833e+02
1.164033872653773329e+02
1.594582913468572940e+02
1.112944692136721301e+02
1.455402516840038913e+02
1.152647989702405198e+02
1.412741536773027917e+02
1.300610058394740349e+02
1.300422629040897391e+02
1.248910906583590048e+02
1.533153844161913639e+02
1.207603826018545021e+02
1.539282051749672746e+02
1.222790329497765640e+02
1.403346363142801749e+02
1.331462998735099177e+02
1.615015771650767817e+02
1.174551366864147752e+02
1.466462241657874017e+02
1.332193284517151994e+02
1.502319087311280725e+02
1.148217411708584450e+02
1.360842908469588508e+02
1.383608663017469382e+02
1.174046168344466565e+02
1.287208400108372928e+02
1.288052345880508938e+02
1.408863430150202873e+02
1.340768915058060315e+02
1.380457458594329694e+02
1.349473641771423047e+02
1.499741422608066159e+02
1.255968508500319700e+02
1.269189617024483709e+02
1.342631032868154364e+02
1.278294654891738702e+02
1.733600685520212892e+02
1.404719934393578455e+02
1.588742626776874545e+02
1.102956845320457546e+02
1.590266767296186572e+02
1.442341744898058380e+02
1.155319621196686057e+02
1.395309257910709277e+02
1.273780658793702827e+02
1.354612487640516463e+02
1.621525599945469480e+02
1.243609431236048266e+02
1.195142202803189804e+02
1.424172096779563219e+02
1.477112382724334623e+02
1.184004424988406328e+02
1.223432083915594717e+02
1.421080190096159868e+02
1.530523597547829411e+02
1.248772546724458863e+02
1.222791360647425876e+02
1.513758627153408725e+02
1.320252067185368503e+02
1.270649611200396834e+02
1.423130594066521155e+02
1.395362806474061586e+02
1.197386109524227038e+02
1.709342880175830999e+02
1.092731325392438748e+02
1.435190023097625271e+02
1.334284592498456732e+02
1.556109800812025981e+02
1.225983827134412394e+02
1.272170246566168714e+02
1.342046389549988703e+02
1.521148828160387723e+02
1.166254663762314863e+02
1.309171327527479036e+02
1.455847017123840885e+02
1.614918353815895387e+02
1.128851476986421289e+02
1.302372682833943998e+02
1.360926702516815965e+02
1.512174412881482226e+02
1.116098899202887225e+02
1.353733047850703599e+02
1.426616982332573400e+02
1.179397760403022062e+02
1.336389343220359649e+02
1.415437158207244011e+02
1.173044011396574575e+02
1.412172930156995960e+02
1.343654051836917631e+02
1.480282409760617952e+02
1.474426738306630114e+02
1.430767149233127782e+02
1.188048197965250097e+02
1.321286931381067120e+02
1.365020544498388517e+02
1.284754040327175915e+02
1.288718852921130917e+02
1.288121398961779960e+02
1.247367945756432448e+02
1.281485487319988863e+02
1.433681293660779090e+02
1.241447685329413844e+02
1.276082745892708914e+02
1.450555792124973493e+02
1.280369755888744692e+02
1.311764886561409753e+02
1.369198299779669412e+02
1.741967727160801758e+02
1.132545164262338062e+02
1.272586741005250843e+02
1.315761882810731720e+02
1.455148815143873833e+02
1.201853151707459233e+02
1.405701759708713325e+02
1.213628695932718102e+02
1.243901357528307727e+02
1.301684487788301396e+02
1.286911264674675692e+02
1.366302760573773298e+02
1.142976359241888247e+02
1.195455591318298190e+02
1.335053855577510262e+02
1.444668777228770296e+02
1.303351026699949955e+02
1.383392113302367932e+02
1.290410632916213842e+02
1.724900786148566567e+02
1.565091013678158447e+02
1.145147811333696239e+02
1.265723623470924935e+02
1.143269778079197039e+02
1.375269823260156841e+02
1.480400962461949064e+02
1.062412979182649337e+02
1.511306013356877429e+02
1.224206663246170734e+02
1.398614192511412853e+02
1.322645839748790593e+02
1.222535072536515202e+02
1.368322564472856584e+02
1.632462978014405053e+02
1.080569249798089260e+02
1.238532125533570394e+02
1.338933480210301070e+02
1.402691715912307586e+02
1.422169915308757311e+02
1.172477415531545546e+02
1.429336457663708870e+02
1.322269369453110528e+02
1.249919392675821683e+02
1.157971178552778184e+02
1.485429244386195364e+02
1.253469627788809930e+02
1.331590165156495402e+02
1.239525483826951557e+02
1.209496354728484988e+02
1.211865793927455712e+02
1.309433981993980183e+02
1.346023279939395820e+02
1.364958238791944041e+02
1.197444539682128237e+02
1.142678628616860124e+02
1.322031150290860069e+02
1.349707900952244870e+02
1.231919833703515081e+02
1.323676875414835479e+02
1.193280044363177979e+02
1.475088990297286387e+02
1.176933615269513211e+02
1.287618339163776398e+02
1.199620207608352160e+02
1.238508269785173042e+02
1.460311150678011529e+02
1.269576617711041138e+02
1.371954550067866592e+02
1.138575507741249879e+02
1.501074707077341088e+02
1.239480911296509476e+02
1.159506624082738568e+02
1.357186689475476555e+02
1.204522978276304030e+02
1.097195033431317626e+02
1.473010187044314137e+02
1.293602611239496696e+02
1.282764817678830696e+02
1.159773760912763407e+02
1.174835619168949279e+02
1.629255524005041593e+02
1.086227440398743482e+02
1.186541784451503645e+02
1.376712473916571753e+02
1.288823602752406998e+02
1.154871565961956179e+02
1.305622622765205847e+02
1.261855150971497892e+02
1.243446722916330174e+02
1.313976676112626194e+02
1.398002825832539031e+02
1.284506391868825119e+02
1.259075050876000432e+02
1.109897377060097341e+02
1.458590112994785386e+02
1.397128959910014601e+02
1.253214841684119563e+02
1.208523457136239472e+02
1.211214300730592726e+02
1.375910672507569927e+02
1.202324571787017931e+02
1.413247828525402667e+02
1.124084451503744049e+02
1.196551122073073117e+02
1.256671943054834628e+02
1.405684454682287026e+02
1.261884903312760855e+02
1.228627597134689324e+02
1.226134851228509604e+02
1.250869279853668274e+02
1.365763052139639910e+02
1.413118841503004717e+02
1.426343897947479604e+02
1.148843620238600494e+02
1.486437568501468718e+02
1.280087627625328253e+02
1.289309840220891203e+02
1.146088398369124661e+02
1.418667331481559017e+02
1.254124043449078272e+02
1.142346121109511898e+02
1.356619229809455760e+02
1.382035995335969574e+02
1.274331097563890580e+02
1.170246376465470632e+02
1.272192288689076349e+02
1.325065598748705327e+02
1.148022941293033341e+02
1.309223381012557752e+02
1.297017112618717363e+02
1.311170566185014650e+02
1.196626069555862131e+02
1.118267824428683497e+02
1.312566204941155945e+02
1.312534476843974574e+02
1.221476373356510550e+02
1.145479457267055210e+02
1.306623680862469143e+02
1.142514641140970326e+02
1.295687817295472257e+02
1.154787171986861978e+02
1.337682526035355579e+02
1.192879892594969533e+02
1.330456198437779278e+02
1.353342878481861362e+02
1.249634662928771149e+02
1.254265935359026400e+02
1.174163581628060342e+02
1.471075167997490496e+02
1.193842859421679634e+02
1.282066196941056546e+02
1.372941850668962900e+02
1.290669299226897238e+02
1.417283055813290957e+02
1.230228813140482487e+02
1.236353796739320501e+02
1.265894116585086095e+02
1.256941536206161061e+02
1.294202946305811679e+02
1.265180541010295059e+02
1.288549209879770103e+02
1.282985448357275118e+02
1.275820915032098810e+02
1.578733888468970292e+02
1.218917739982962303e+02
1.370987733482216697e+02
1.203674171833374231e+02
1.256265121890513541e+02
1.147267393058347267e+02
1.468008250075338594e+02
1.181522257547475192e+02
1.201627448334655384e+02
1.261821782360927102e+02
1.174719468718836879e+02
1.280785466969547883e+02
1.480878939608677740e+02
1.101451318425965979e+02
1.362960589877719713e+02
1.260211429224243744e+02
1.205855547653792428e+02
1.220211699305141622e+02
1.171689855532517726e+02
1.155394538815787371e+02
1.292684651157819928e+02
1.402995617279968599e+02
1.099447160561380628e+02
1.241693655555595797e+02
1.254275299370847563e+02
1.161688105850642216e+02
1.190846996802538911e+02
1.179922310938994485e+02
1.312463158477691536e+02
1.277967133383303917e+02
1.263171337443308317e+02
1.454989860710555831e+02
1.115186622885894678e+02
1.318335552531197834e+02
1.169138454910654872e+02
1.489345590343245078e+02
1.066618004500894870e+02
1.280310367335434591e+02
1.159210962026955372e+02
1.176963826065219791e+02
1.276210257995041815e+02
1.198564106288820170e+02
1.205176920259770839e+02
1.416837666972154750e+02
1.373318973685619255e+02
1.196174283216339518e+02
1.347885379858319936e+02
1.368023124406628881e+02
1.221834300682134824e+02
1.373247452552435277e+02
1.188264545817235387e+02
1.369145291785023915e+02
1.194082241153639217e+02
1.300096066201532494e+02
1.146562347670925703e+02
1.185383351063985202e+02
1.335502965143163010e+02
1.191347805311074239e+02
1.220222192883787500e+02
1.398796114248745255e+02
1.055623217078196632e+02
1.357340937569842367e+02
1.156076157912675342e+02
1.284232606892861099e+02
1.307413820130620934e+02
1.245396431670645541e+02
1.199312063536407891e+02
1.220767487231630213e+02
1.428971807590461367e+02
1.235223173318714487e+02
1.338210684707333940e+02
1.207148436474421231e+02
1.263590451117461981e+02
1.135977565684530930e+02
1.285690502061023324e+02
1.151098132684010267e+02
1.305626939794117050e+02
1.254249622815055005e+02
1.070109551288031327e+02
1.169354479233283826e+02
1.349929912636467293e+02
1.076880359961692761e+02
1.235035804006535898e+02
1.303488392360784758e+02
1.212791635808484187e+02
1.194626435656085022e+02
1.187672024941210083e+02
1.191008968772791832e+02
1.264674094151690440e+02
1.150262223298424118e+02
1.157973122335590972e+02
1.493172468670137505e+02
1.085997675527548409e+02
1.351677829661596490e+02
1.070733768119810208e+02
1.340253259072040635e+02
1.412736735382526660e+02
1.135453173043485862e+02
1.238632214385597052e+02
1.259114724031844617e+02
1.351176595612272706e+02
1.107406017506623357e+02
1.392018974952972314e+02
1.076277000488828861e+02
1.217136133393279209e+02
1.370056813412172403e+02
1.294101962459141362e+02
1.269566321332595891e+02
1.191758426019924002e+02
1.186985339055997031e+02
1.155843197914509517e+02
1.404526559841591222e+02
1.109488163112600176e+02
1.238794459633602969e+02
1.273556250537623100e+02
1.156942585062832478e+02
1.150596923519739647e+02
1.286445194600627246e+02
1.239884694337671220e+02
1.112934459866154384e+02
1.328345242644327868e+02
1.012326191106938893e+02
1.421646828470033483e+02
1.155058981678206322e+02
1.219162437394773093e+02
1.453532992216061075e+02
1.190416342741415576e+02
1.200517539576122203e+02
1.094687418268791532e+02
1.248614500712655371e+02
1.246269564384191284e+02
1.232103376073513061e+02
1.107341518094486901e+02
1.140608448193309954e+02
1.147874887115171703e+02
1.347136328136940335e+02
1.140246840141699636e+02
1.228694172807452958e+02
1.620098463830534570e+02
1.706985610442031316e+02
1.214713007508694886e+02
1.256245904685303145e+02
1.170185263695640288e+02
1.188040578500490057e+02
1.269572398310958619e+02
1.292712252347300819e+02
1.373222772718872307e+02
1.069197739666371803e+02
1.163807518057730164e+02
1.366959750528475297e+02
1.194612970642953371e+02
1.120853763346942031e+02
1.172986611713564713e+02
1.210978870046235301e+02
1.494436089143485731e+02
1.087873562304364867e+02
1.248195200503274549e+02
1.349830173856216504e+02
1.116242930690556108e+02
1.092923114962452615e+02
1.358705193850700823e+02
1.223030406140583892e+02
1.135787232309653376e+02
1.207080537929167861e+02
1.187134280779639965e+02
1.017302385326060374e+02
1.241830825867081671e+02
1.087259180683893476e+02
1.182642830628297048e+02
1.347864384120140357e+02
1.145237820696210207e+02
1.435373371972753205e+02
1.044797529595534087e+02
1.240426795595371061e+02
1.375869183280300092e+02
1.125948901725913913e+02
1.151390301701309795e+02
1.237128478467394928e+02
1.136297062869507215e+02
1.211318159503471179e+02
1.214506573975160109e+02
1.226321847270464076e+02
1.375161435298210790e+02
1.212688123699724656e+02
1.045047958822839576e+02
1.194756229506982663e+02
1.229593049422448132e+02
1.235411908688133877e+02
1.343491020494992654e+02
1.072212624662357996e+02
1.221183633928418288e+02
1.145454643842355154e+02
1.134790575161253230e+02
1.181826441315636345e+02
1.144685900895637616e+02
1.168879289680135400e+02
1.170066883160950226e+02
1.319059070561808653e+02
1.180134050912053425e+02
1.277666954777537711e+02
1.173011043205883368e+02
1.275937778906536977e+02
1.180721575150226244e+02
1.187893550958105493e+02
1.220749601554251313e+02
1.301436157571571357e+02
1.219881108739196236e+02
1.143199272443181655e+02
1.244298522744079065e+02
1.245537463906302236e+02
1.242218728287985101e+02
1.122368625803560889e+02
1.175334631057578747e+02
1.331283306080681541e+02
1.350072944741702372e+02
1.110880216587733571e+02
1.164309456991430523e+02
1.411168391703866405e+02
1.033074738849658729e+02
1.451955552808447010e+02
1.072067608701659509e+02
1.214150339973758861e+02
1.176639578506934356e+02
1.238162487068540969e+02
1.261897339976199959e+02
1.044845101701262422e+02
1.439451742693618144e+02
1.302526958972362650e+02
1.115126219109779413e+02
1.516982173555034308e+02
9.958640583915206435e+01
1.139883977647473614e+02
1.212249628831487769e+02
1.111754934405469868e+02
1.205710443001866139e+02
1.255969566783046787e+02
1.241105317281224529e+02
1.184746225926987506e+02
1.308266987702955362e+02
1.166402994478099373e+02
1.322303723917708567e+02
1.029925787415049854e+02
1.307252285568789318e+02
1.274634239778261389e+02
1.292384150167739847e+02
1.180134608080577152e+02
1.225409412552463380e+02
1.294496296715452388e+02
1.115719651913381227e+02
1.099557190657522483e+02
1.133906809826455344e+02
1.307408639658802656e+02
1.268287473277599986e+02
1.085773508758338437e+02
1.319892412697271595e+02
1.317016986355631900e+02
1.067628465579116579e+02
1.326358420697261806e+02
1.083856918957848734e+02
1.175778615553236506e+02
1.231324470379977640e+02
1.313595237166902905e+02
1.074066309424313630e+02
1.308901258826437015e+02
1.056486176398311585e+02
1.265298432760680640e+02
1.200832198746003314e+02
1.138975463951164784e+02
1.130903870512733391e+02
1.162564255293523132e+02
1.137031469033598370e+02
1.454529272624156704e+02
1.014086360356232035e+02
1.219410299308205055e+02
1.066359932746631642e+02
1.364475134113872627e+02
1.101668264654165199e+02
1.346560394314280416e+02
1.228937707361940426e+02
1.016736124263503882e+02
1.298349730032210232e+02
1.269404118276294184e+02
1.181026760587558186e+02
1.035282666788680217e+02
1.270296679476780781e+02
1.232228462728125891e+02
1.148052218475317403e+02
1.139383479298872714e+02
1.169827418116135647e+02
1.177059436174464082e+02
1.217767812558181930e+02
1.129296056911179704e+02
1.128666629117201126e+02
1.217657530989072825e+02
1.253566033863090752e+02
1.094690265252759218e+02
1.147529716738528975e+02
1.192376579282274918e+02
1.075988609877088038e+02
1.117829025429749663e+02
1.133135929452903667e+02
1.259129015473430684e+02
1.238570835847679632e+02
1.135486921048731688e+02
1.195065010874754137e+02
1.129110759297698081e+02
1.255960894709456994e+02
1.300462075416955088e+02
1.212773352561250420e+02
1.299804030524746850e+02
1.184568090626166423e+02
1.074885712367747459e+02
1.313262469153052052e+02
1.168066111303734687e+02
1.224836739728291946e+02
1.027818609820885740e+02
1.157026763396816591e+02
1.203840761568488062e+02
1.162680113546334013e+02
1.240267239308794558e+02
1.160995336442238255e+02
1.075814964754362819e+02
1.213654100040793935e+02
1.336596656795557863e+02
1.051914057495213655e+02
1.251317939897882354e+02
1.077482397027199141e+02
1.207933670832986905e+02
1.161960860465147931e+02
1.204776204755616220e+02
1.281110373334140888e+02
1.155523978788634025e+02
1.149731882425078311e+02
1.141847835145257619e+02
1.060858399688950158e+02
1.398077775996286221e+02
1.176720771279908746e+02
1.168227947646891351e+02
1.253287642433238176e+02
1.073711406101671741e+02
1.123676136320059840e+02
1.099405980451079330e+02
1.162200839171982807e+02
1.248512721230019480e+02
1.104549725690848305e+02
1.325225121517344462e+02
1.213589972580775225e+02
1.463475038405519797e+02
1.028735614309606063e+02
1.231918466660051479e+02
1.295252784064524860e+02
1.022807807041051120e+02
1.361987169426188586e+02
1.115239267269186172e+02
1.111690586073186182e+02
1.159070205560861950e+02
1.242953561845913839e+02
1.101242621973903937e+02
1.182634266077810992e+02
1.219978692205948363e+02
1.171007093422307292e+02
1.079753704026528851e+02
1.388277084724107908e+02
1.082983838552930962e+02
1.123392363675694128e+02
1.144490141228816071e+02
1.158254399708850286e+02
1.148580732289784549e+02
1.172036769361253619e+02
1.300597831292910769e+02
1.023731189740755383e+02
1.145221547717024038e+02
1.216249337780925828e+02
1.436207707052400053e+02
1.109839490701864975e+02
1.252373149078770496e+02
1.348366805454094219e+02
1.129725757410550386e+02
1.210067792862724758e+02
1.694919471466159564e+02
1.930237365631126920e+02
1.617601254170062646e+02
1.637352923237853020e+02
1.615564501978922749e+02
1.295640245906153041e+02
1.150248655693993385e+02
1.201082063586893582e+02
1.174971687021066060e+02
1.267780212824427082e+02
1.122119549462936021e+02
1.192355932980716631e+02
1.124137327182971546e+02
1.156600157016021768e+02
1.255820524476591800e+02
1.234162556683234868e+02
1.049979937739045965e+02
1.321750087450731144e+02
1.261721339684931991e+02
1.082712143140403924e+02
1.178102545653051720e+02
1.340974559704336286e+02
1.109246787747581067e+02
1.497459481777875965e+02
1.063084954516182705e+02
1.200672877088490083e+02
1.064942433877911014e+02
1.158233655171885346e+02
1.227735705653020659e+02
1.212397711040803188e+02
1.041478070577003621e+02
1.196049662346749756e+02
1.173547443999348445e+02
1.187663345746586714e+02
1.187439589997913174e+02
1.203639705650668503e+02
1.200821456309960524e+02
1.223677399459135273e+02
1.188310361592982929e+02
1.176246876366625003e+02
1.157496424711254548e+02
1.218213389805349323e+02
1.229179377943591760e+02
1.158276726997636530e+02
1.166468498031590997e+02
1.044550010265663076e+02
1.203328306006887658e+02
1.160419687904060737e+02
1.168565211200097025e+02
1.199821222629380202e+02
1.277220371900415472e+02
1.013477849613730797e+02
1.278181349807471463e+02
1.133289647414582646e+02
1.159652448434991072e+02
1.094198978217530964e+02
1.212536532032521421e+02
1.174245522447358070e+02
1.274846624176717000e+02
1.079972427542726194e+02
1.102194723255374100e+02
1.352128948285029537e+02
9.736371152577265775e+01
1.117587739869295831e+02
1.221104419588227614e+02
1.030099040314188841e+02
1.215593951840301656e+02
1.132258964821889435e+02
1.306419212648552843e+02
1.106408869740314316e+02
1.163893239456877922e+02
1.110147461111879323e+02
1.180084359027431731e+02
1.396702051665805016e+02
9.660746161006595401e+01
1.134654815998154191e+02
1.172816211223200185e+02
1.207151839225676468e+02
1.262609103753072191e+02
1.221385512991498530e+02
1.376017681001677317e+02
1.356612243646797822e+02
1.230427158051699479e+02
1.133873660009241178e+02
1.157249433967697456e+02
1.172033083575067849e+02
1.130797339064318550e+02
9.724258633310682853e+01
1.103862231834817749e+02
1.033745085240708477e+02
1.185420056706917507e+02
1.204723098945657682e+02
1.312007414542524941e+02
1.406936424574244597e+02
1.014110802553332462e+02
1.442495405919580662e+02
1.008201892061862708e+02
1.376812748833612261e+02
1.137155747308184459e+02
1.297186888600776058e+02
1.098317698541424363e+02
1.091541349797560372e+02
1.110276961676393483e+02
1.150258238965151634e+02
1.191896524730285165e+02
1.051907636071181997e+02
1.165153164441977225e+02
1.121801871236689578e+02
1.202457005846068654e+02
1.102830126442861456e+02
1.110201878896335330e+02
1.067943119182291980e+02
1.204023210588633077e+02
1.257085370227823944e+02
1.206297795038769181e+02
1.110074865458309006e+02
1.106194645721373746e+02
1.047946350322450826e+02
1.186424319177325373e+02
1.215856969834775754e+02
1.134109593081297760e+02
1.313757990017658699e+02
1.121453949175585763e+02
1.145219377697336114e+02
1.400090319685338898e+02
1.098515869468742494e+02
1.074660208139069795e+02
1.152083837142873080e+02
1.138247940109680911e+02
1.133875090159825731e+02
1.098929975367481688e+02
1.201721469850248951e+02
1.465845965426146904e+02
1.033284165955928842e+02
1.074705278521709033e+02
1.225256012501078118e+02
1.205890655080842748e+02
1.169279683484719641e+02
1.099291345679480401e+02
1.109167417164855749e+02
1.268832922084228585e+02
1.151120335520333953e+02
1.149107414315323297e+02
1.073160149700948978e+02
1.141207306590372497e+02
1.236890412680609188e+02
1.174866029941885159e+02
1.136397078611426821e+02
1.196204607955162089e+02
1.059146591147913625e+02
1.182345825173819094e+02
1.172365458877854536e+02
1.225407150101506772e+02
1.225786692731263940e+02
1.132652351559353292e+02
1.146748445038614648e+02
1.092859958722947198e+02
1.096050338482629058e+02
1.113819233701237721e+02
1.465760443635048489e+02
1.149466051615986260e+02
1.015763166510946292e+02
1.128065293264600655e+02
1.206956037716826131e+02
1.139681720890763330e+02
1.052420128539686317e+02
1.235664281258862900e+02
1.176121868612605539e+02
1.236396890573722374e+02
1.064276531220089765e+02
1.196168777704692587e+02
1.219620232316104165e+02
1.208412508962905747e+02
1.160572054390350587e+02
1.147527776475537422e+02
1.062570106897857301e+02
1.112536111814028885e+02
1.141593512011000513e+02
1.272252727726226880e+02
1.034251411174561355e+02
1.052504892209909286e+02
1.186158199146253480e+02
1.020939188395428232e+02
1.140164535719889614e+02
1.236059959294006916e+02
1.114132402778219699e+02
1.261232600061940872e+02
1.068415292067516589e+02
1.036086448883574036e+02
1.315583944542214567e+02
9.989434100430943886e+01
1.159824444722044205e+02
1.221275398547150814e+02
1.216552373129283069e+02
1.075874556783253411e+02
1.158028352645274310e+02
1.170430796545066556e+02
1.104171278942406218e+02
1.044181084297434836e+02
1.181407128501110435e+02
1.148307505511353241e+02
1.322734854223416789e+02
9.558656881587786813e+01
1.082505940512738647e+02
1.165093416609535097e+02
1.103704382700116611e+02
1.269706090237451122e+02
1.109191146862066404e+02
1.138791829317938351e+02
1.043458479012925153e+02
1.088372049580727321e+02
1.243919322847078206e+02
1.138649686795835692e+02
1.117098613243983465e+02
1.383739012305816516e+02
1.158033886120246336e+02
1.133111077315964224e+02
1.132989259547378111e+02
1.103007630637595895e+02
1.075744945548323273e+02
1.079866755121057480e+02
1.150252501953727773e+02
1.199605767396969327e+02
1.297720975312508642e+02
1.099892120337405714e+02
1.183273309745668769e+02
1.006643538911577167e+02
1.189390118231861635e+02
1.087386341004465038e+02
1.256147123074988770e+02
1.110713766973652241e+02
1.236556053785916163e+02
1.025102110345822268e+02
1.259053759894151341e+02
1.163656324462987328e+02
9.757393276058705567e+01
1.162854622480208207e+02
1.075451945727256060e+02
1.063318720378972557e+02
1.127104582359774128e+02
1.002393940383879141e+02
1.176898157911342935e+02
1.108050100767441535e+02
1.140930910890759407e+02
1.072054249004675057e+02
1.160336100114855071e+02
1.141796127864171382e+02
1.134399753920059197e+02
1.044966753471103260e+02
1.089581513542215561e+02
1.184113960781378125e+02
1.071340280137870167e+02
1.068667747677731512e+02
1.089225885083251200e+02
1.153619468667269956e+02
1.054382771384698145e+02
1.105590421001466552e+02
1.005694730363658351e+02
1.137554973445946018e+02
1.118518038744778380e+02
1.310056612810840022e+02
1.228273600118362339e+02
1.060512575851148256e+02
1.085483556328927932e+02
9.998971056257256862e+01
1.079727981715360698e+02
1.044513409863795061e+02
1.057358458006815880e+02
1.130810355767134183e+02
1.152012301078121652e+02
1.230569631953454319e+02
1.018927768791481867e+02
1.232619189724826043e+02
1.313047626702620789e+02
9.991907717984835813e+01
1.096296329805448124e+02
1.080107580108472973e+02
1.193064019763047128e+02
1.136657912050651476e+02
1.233121915183078414e+02
1.094898631158880136e+02
1.069874343377205008e+02
1.074610547064545614e+02
1.190580769369032197e+02
1.026452087666852151e+02
1.129920592467771883e+02
1.238208789436252886e+02
1.098830440462633504e+02
1.146771818612252218e+02
1.146718433726842790e+02
1.141619758396576430e+02
1.080510267768224253e+02
1.217512300732595776e+02
1.084263225332030487e+02
1.106031444877383905e+02
1.418397306532721984e+02
1.157476114510302807e+02
1.046623575568567333e+02
1.245658526556060082e+02
9.909653491778799150e+01
1.123153526237827435e+02
1.079326826154501759e+02
1.298796464727210775e+02
1.004722110131386330e+02
1.106873947826803288e+02
1.195927472157280249e+02
1.237947016673637393e+02
1.041449935202434318e+02
1.071834816028605672e+02
1.253343648468830054e+02
1.103794860373243552e+02
1.043440221743454117e+02
1.215300991682362479e+02
1.265068419692923669e+02
1.032129913252354498e+02
1.052858002549162535e+02
1.164861198783088554e+02
1.229368129400895100e+02
1.108882741335817173e+02
1.038892001735498809e+02
1.220953695675108435e+02
1.127294882635081734e+02
1.230747318237495591e+02
1.084901589129052724e+02
1.214599779655001015e+02
1.107839621443218761e+02
1.069864129919364188e+02
1.109983963101834803e+02
1.293368027128571214e+02
1.200924782195733229e+02
9.861023536423188318e+01
1.320036235881816538e+02
1.277890714026797951e+02
1.054113570013683017e+02
1.056489610166741642e+02
1.083729696511433502e+02
1.390200062189365440e+02
1.077364242467901931e+02
1.113001247518464965e+02
1.079145119370962362e+02
1.192698565377145172e+02
1.069256415180178124e+02
1.036085162878493833e+02
1.296753043155201794e+02
9.757046279712557180e+01
1.105721116354000344e+02
1.056241788654810136e+02
1.066753102221177585e+02
1.056370233015637012e+02
1.151116604335763327e+02
1.080132468884921195e+02
1.209920715552044328e+02
1.031497635366430359e+02
1.095747816099933090e+02
1.186499824190780004e+02
1.038747071090998304e+02
1.118731455903858887e+02
1.052208139936914790e+02
1.213192723556533252e+02
1.289341089188483238e+02
1.024902584609565963e+02
1.102714988376672949e+02
1.068687324762119317e+02
1.128768444111456404e+02
1.090332427145462759e+02
1.142572448845954369e+02
1.426362784533914123e+02
9.955031490205706746e+01
1.036095936397936157e+02
1.164295342964214939e+02
1.171205239477505700e+02
9.995039083494492616e+01
1.125932746728678069e+02
1.133249344558088296e+02
1.253480513572030759e+02
1.021799099970320981e+02
1.037277975469531270e+02
1.340158320152997078e+02
1.042943508931260510e+02
1.243872442702864021e+02
1.146807762938974662e+02
1.317267409515691554e+02
1.250281304500972084e+02
1.073773293753910849e+02
1.016588176590430095e+02
1.210184836292966111e+02
1.081389085661280944e+02
1.110922824167077465e+02
1.336706855184626761e+02
1.134358950065151248e+02
1.022219399168492657e+02
1.175900106815031734e+02
1.022911525961156656e+02
1.122732777011239875e+02
1.382990273519289133e+02
1.157760651881273049e+02
1.075127219691271137e+02
1.200370742498373886e+02
1.090732520296564871e+02
1.113276008619252906e+02
1.001062689587114534e+02
1.186679015295058264e+02
1.169974112663010857e+02
1.096766877690824202e+02
1.131113665591677915e+02
1.224431108911898320e+02
9.963115084915355624e+01
1.108647842620763129e+02
1.238265945604596254e+02
1.153587630119575493e+02
1.015737026982022684e+02
1.080798096188971300e+02
1.212940319961745956e+02
1.045509160992485675e+02
1.157929561991733891e+02
1.084012773521720447e+02
1.112223621097181194e+02
1.085144001295164600e+02
1.017212231366151656e+02
1.036291211949839663e+02
1.215413565036986938e+02
9.839180569437041868e+01
1.110448284764519258e+02
1.129217570430951696e+02
1.231667421742794772e+02
9.777462146777867247e+01
1.112794507653148486e+02
1.087994263043744780e+02
9.996823755521670307e+01
1.126631094742071895e+02
1.052889987761919173e+02
1.068441156951447510e+02
1.200537091131376570e+02
1.035593120888380412e+02
1.121937432677164992e+02
1.071750946339210770e+02
1.025846975842842568e+02
1.081225150164667497e+02
1.100295008217131283e+02
1.072311887222726909e+02
1.163334754919067109e+02
1.045068018179869398e+02
1.098701111581649457e+02
1.060465823840158777e+02
1.121785540298553059e+02
1.076586727216137831e+02
1.268473951477971440e+02
1.002867268766183031e+02
1.041513265471624408e+02
1.105456650665307734e+02
1.068564703174422306e+02
1.131935591153700784e+02
1.047151357548881663e+02
1.008515375269020922e+02
1.217991399888600625e+02
1.023078347249604292e+02
1.098614573889142747e+02
1.117440449719167077e+02
1.148562914906821248e+02
1.075802253246566949e+02
1.060234553688219563e+02
1.074023625162966908e+02
1.296316347645028486e+02
9.995090267521005956e+01
1.087230174060428141e+02
1.025676191188790227e+02
1.174408067617552973e+02
9.841394521512251004e+01
1.012919870646263263e+02
1.353626129462202812e+02
1.303658758485938165e+02
1.078486082485681692e+02
1.170710939562826951e+02
1.042618052150658912e+02
1.123592816647640689e+02
1.146260609201285661e+02
1.075773190948624745e+02
1.148367092370874900e+02
9.786474685030633225e+01
1.113267974274502023e+02
1.026183599909306707e+02
1.171816449236063562e+02
1.042439647582414466e+02
1.220924141306629593e+02
9.939546863225277207e+01
1.092801185728103661e+02
1.244237248551652328e+02
1.163493417005058177e+02
1.071196269271646457e+02
1.187407730471648790e+02
1.044299760440639915e+02
1.121765312733614763e+02
1.064767216607914264e+02
1.056882336547166403e+02
1.097476028613283319e+02
1.162667015822675864e+02
1.076839102570782387e+02
1.100683296576934111e+02
1.030512859478136818e+02
1.097143179136801052e+02
1.002700742849726510e+02
1.136418665239026637e+02
1.060643969164623996e+02
1.154154187738780735e+02
1.139881693094790194e+02
1.052201296922988405e+02
1.188665860429719601e+02
1.155128015977423814e+02
1.013239055754005307e+02
1.086903177983148225e+02
1.177151322183987219e+02
1.035453495752440034e+02
1.110611949960634348e+02
1.052180632332599401e+02
1.175637631562096885e+02
1.183154877823430979e+02
1.064340864065834040e+02
1.224778827388258406e+02
1.037135548316685885e+02
1.059416223416075979e+02
1.235426663834752787e+02
1.103121978083379560e+02
1.064750665260202851e+02
1.128844984720811055e+02
1.048772326321080470e+02
1.025532869741151387e+02
1.353437699516158546e+02
1.033277874847391047e+02
1.110593856068594221e+02
1.009762465151316064e+02
1.072799566824029540e+02
1.324583734895962266e+02
1.033470472402422757e+02
1.016004730233358941e+02
1.082777150084859699e+02
1.165779737866072736e+02
1.063786930062843794e+02
1.159163108732873013e+02
1.002867120001517520e+02
1.120048536704177025e+02
1.158314655186491109e+02
1.147858285119904167e+02
1.005823452133733724e+02
1.098723285060832637e+02
1.057583549012431803e+02
1.019887675310277473e+02
1.015968813511869513e+02
1.072067412493135947e+02
1.053924392533872947e+02
1.228728240989515257e+02
1.044553197841997587e+02
1.185794823121804171e+02
1.045131873082265059e+02
1.234286559214214094e+02
1.089359054649031151e+02
1.105431993764805583e+02
1.061822260552809922e+02
1.101693592848468199e+02
1.101636799534139612e+02
1.005668751783502302e+02
1.111301834844571772e+02
1.119169698655842637e+02
1.040652027293338620e+02
1.151146699083264053e+02
1.213456298398284616e+02
1.042195070673260773e+02
1.064283375147941655e+02
9.882336140266122015e+01
1.145891179301849263e+02
1.114570619359867720e+02
1.127059381281709989e+02
1.018481592230719741e+02
1.118076196783382130e+02
1.088992144435081570e+02
1.090292052939500138e+02
1.355333375660190143e+02
1.064436753518217529e+02
1.054762307270408996e+02
1.021054089575433608e+02
1.176007505065674223e+02
1.271905056845060074e+02
1.002073966768571012e+02
1.124469978173009252e+02
1.070531168646953830e+02
1.147888811412051666e+02
1.103454460765263292e+02
1.108752275150117867e+02
1.179844626428581762e+02
1.100110333710345714e+02
1.119110576543199187e+02
1.072846432690107576e+02
1.105970581389094320e+02
1.087786690141808492e+02
1.000904409374507367e+02
1.050708790757298345e+02
1.170936070710922365e+02
1.031160209103044707e+02
1.047128234282258319e+02
1.072613309977492406e+02
1.083162060701828580e+02
1.078154637589610729e+02
1.138691614308039988e+02
1.154691828179427517e+02
1.076729049284561341e+02
1.097980489874019838e+02
1.312372580815982417e+02
1.112733404854764103e+02
1.069984253342737475e+02
1.041214081679013077e+02
1.206950723730109587e+02
1.203069422917128861e+02
1.130041932283285888e+02
1.035014234650618192e+02
1.061546546527636110e+02
1.031687688999819983e+02
1.050037717664608152e+02
1.160565507988768843e+02
9.964957747161830071e+01
1.095547579687393807e+02
1.088002321679495310e+02
1.186025563441735216e+02
1.072087717283153410e+02
1.157622538802987577e+02
1.093283904949515062e+02
1.071881719981429626e+02
1.118140818736992372e+02
1.115439604632497890e+02
1.177895774637556343e+02
1.042465361812123064e+02
1.131294211009420252e+02
1.063597010800329770e+02
1.079005464034040784e+02
1.089846679840236874e+02
1.027708233049108060e+02
1.028981344908896034e+02
1.054512690622714643e+02
1.101208351053225272e+02
1.073890645424825863e+02
1.059650234351762492e+02
1.118473760309149299e+02
1.148781654365868263e+02
1.048709988767874250e+02
1.059813939360524842e+02
1.076557423754026672e+02
1.087916367950085998e+02
1.124846094509479144e+02
1.167101043662709543e+02
1.096655526527439406e+02
1.202836266372552529e+02
1.072327444776330196e+02
1.173585178723196947e+02
1.153609043776536964e+02
1.035302811817232396e+02
1.162129515120018937e+02
1.071704521619287220e+02
1.108738278550934240e+02
1.052797670707405047e+02
1.032269973899417437e+02
1.132335156073212090e+02
1.141389762625142907e+02
1.102570261720737221e+02
1.378104822664471953e+02
1.022561611380224065e+02
1.033257200027368015e+02
1.279538781025764109e+02
1.017806429590654744e+02
1.073633184077980047e+02
1.063869981196706362e+02
1.009237695346891428e+02
9.496493558996129991e+01
1.168458160716994172e+02
1.056244183763461137e+02
1.103229582578950527e+02
1.012660245150084677e+02
1.068912079246537843e+02
1.235345367147152871e+02
1.087613575968651674e+02
1.089765756154013019e+02
1.259336566209392032e+02
9.874601439279228998e+01
1.016475358659672565e+02
1.214942095984932422e+02
1.060888207071095337e+02
1.114109849977503899e+02
1.115907121228031542e+02
1.114628519801634354e+02
1.078120808326444262e+02
9.792879333028206190e+01
1.111075437840763414e+02
1.130051678334437355e+02
1.013409952664604248e+02
1.150297945392217258e+02
9.445314371861749692e+01
1.086545230822407149e+02
1.165359947504934297e+02
1.016413136134540167e+02
1.117344479624434825e+02
1.037767908223182332e+02
1.257751658541990736e+02
1.165941615790031847e+02
9.837808456845516503e+01
1.074261978171872158e+02
1.149129158840653560e+02
9.864806589023133654e+01
1.026278815604906924e+02
1.154839378323920016e+02
1.053454196311831907e+02
1.132146317744392832e+02
1.029667484670055160e+02
1.077916505571296852e+02
1.020291697412035603e+02
1.004072726860027132e+02
1.140100981333834511e+02
1.032674164476953109e+02
1.254596122790120631e+02
1.127854303587776030e+02
1.038732848872009811e+02
1.157595892925538124e+02
1.003898922415397692e+02
1.030524930243823434e+02
1.075415999772336733e+02
1.294871262801562182e+02
9.904985234155935814e+01
1.147891379478909784e+02
1.276029997930971689e+02
1.175358044346394166e+02
1.039498501475512313e+02
1.076805837253332641e+02
1.210834966158555375e+02
1.076778602037598205e+02
1.173054290757924463e+02
9.890313884786198173e+01
1.204710229003507891e+02
1.004249394573672021e+02
1.065377734820886957e+02
1.106810868534848993e+02
1.147093950448370663e+02
1.108816206890720935e+02
9.806658508133972418e+01
1.217363796260341076e+02
9.825930747191195280e+01
1.079977765054584609e+02
1.024801938960935814e+02
1.312276811868349000e+02
1.020536164499506384e+02
1.026999126199463745e+02
1.084189751453629924e+02
1.095002506698679667e+02
1.123040484320927135e+02
1.104664676318806329e+02
1.004414140643350351e+02
1.137585464900864167e+02
1.108766980489179161e+02
1.028703202045073226e+02
1.115620181547816117e+02
1.083453935179948502e+02
9.844669638158833891e+01
1.081095929953043964e+02
1.031772609533853000e+02
1.062498875939220113e+02
1.118616500814599704e+02
1.007737020287715097e+02
1.170690882994901756e+02
1.118346091358832979e+02
1.037327274351579973e+02
1.044884142675781220e+02
1.132857758045789041e+02
1.080650777974798729e+02
1.091720929166721845e+02
1.251530261788013974e+02
1.129460081998160206e+02
1.123983805607612965e+02
9.295729893206606675e+01
1.038562871062025010e+02
1.064485773214611584e+02
1.022075081420780691e+02
1.112254822397996179e+02
1.040371970299031688e+02
1.113175760593248356e+02
9.740828695613184607e+01
1.082306642905098073e+02
1.022011193183364810e+02
1.122124541929798767e+02
1.215560886121190975e+02
1.009202861281475663e+02
1.145982614538870479e+02
9.573404474764349459e+01
9.953013176699229803e+01
1.183654904814012099e+02
1.057894464357992632e+02
1.153785068295231184e+02
1.226129882342997064e+02
9.982069573800595208e+01
1.157477913860403618e+02
1.021044744035508245e+02
1.067564568693254614e+02
1.302750842042611623e+02
1.073731680213178805e+02
9.639263491101435477e+01
1.031623612550415174e+02
1.106347116663629890e+02
1.079572352784159932e+02
1.101727696456535455e+02
1.031098448707142126e+02
1.208885856333811120e+02
1.016389856683836683e+02
1.041712008394494688e+02
9.840928684853172115e+01
1.071875495222253107e+02
1.107562903452507612e+02
9.853714813924781879e+01
1.206196193934404732e+02
1.018277550818696540e+02
1.090175540975024120e+02
1.119885206455947895e+02
1.027440410416783436e+02
1.128868571774667089e+02
9.829117078192521717e+01
1.105400368142749272e+02
1.082883823286781819e+02
1.017048414512456418e+02
1.052532691742665634e+02
1.075163086948876128e+02
1.007298272514330080e+02
1.097514751734905474e+02
9.914971886795417788e+01
1.132555194282859503e+02
9.909876597834833944e+01
1.168925030202015307e+02
1.095861681483287668e+02
1.116744497828427996e+02
1.070326986175301158e+02
1.035101715536971909e+02
1.079165851078319491e+02
1.096788035298005468e+02
1.289325566042615208e+02
9.234332695002628100e+01
1.074095937197302391e+02
9.900287890293215298e+01
1.218969404766881723e+02
1.110461298897740789e+02
9.367715957750723987e+01
9.515767866702465483e+01
1.060762432825371917e+02
1.031155206681691965e+02
1.130179157993247401e+02
1.058938538293650282e+02
1.120525184695680281e+02
1.072153759877219414e+02
9.984758953406665682e+01
1.417171268232190187e+02
1.008414819110886071e+02
1.154606666281022029e+02
1.086464431954679384e+02
1.036417691401927641e+02
1.114300581620805843e+02
1.086931801187003970e+02
9.811365818362919811e+01
1.152779551774960538e+02
1.121506533137274317e+02
1.190227655733792886e+02
9.746056511803438127e+01
1.108223030854386622e+02
1.186570880022989201e+02
9.941498259327120479e+01
1.089500773672897367e+02
1.048854572464503008e+02
1.094860016655960209e+02
1.090282256440177235e+02
1.161994439261342507e+02
9.652792885333147410e+01
1.144688782678195622e+02
1.062616585554210076e+02
1.045968442691293063e+02
1.118740654964806396e+02
1.109411409142038138e+02
1.050834480798789201e+02
1.164568510663923036e+02
1.145464342130077284e+02
9.764506197201751547e+01
1.330306360577118880e+02
9.971192041591483246e+01
1.010668692287556212e+02
1.049469202297034656e+02
9.853697222959301882e+01
1.131293331518093623e+02
1.088645419111086454e+02
1.057856671570542630e+02
1.014963771270270030e+02
1.187262261616923382e+02
9.812254097453691770e+01
1.051220479637514558e+02
1.101047888993818731e+02
1.090490452042796363e+02
9.908477898599055322e+01
9.852748963271285731e+01
1.023181005057360551e+02
1.073730335642868710e+02
1.009747809898981075e+02
1.095585157777839242e+02
1.096081573921936325e+02
1.043305347257813480e+02
1.029008405440766012e+02
1.336046463383257787e+02
1.241280970616630270e+02
9.635071897460267110e+01
1.086169008220832239e+02
1.003463464978589172e+02
1.040305973119408520e+02
1.040273601759088677e+02
1.133614417922700994e+02
1.070121403603895516e+02
1.191754031640010822e+02
1.009038651400526732e+02
1.004297719190731328e+02
1.057710692193400632e+02
1.036849227090515342e+02
1.001018455582663478e+02
1.017960934682751883e+02
1.078553491327445073e+02
1.062788566758574262e+02
1.085962044919686207e+02
1.083337303797968474e+02
9.415972897772924455e+01
1.140347030643664965e+02
1.071152436755613024e+02
1.087197820219995776e+02
1.034947296880703789e+02
9.918109561594781098e+01
1.106224737079194682e+02
1.066035528945075583e+02
1.030251470873756148e+02
9.487512400229779530e+01
1.048407496273178907e+02
1.026278624672479083e+02
1.026431039424876985e+02
9.875634329398896227e+01
9.923271671733316168e+01
1.126419357127930141e+02
9.977656771526031321e+01
1.139352990911585977e+02
1.027561165999214836e+02
1.085767786345736425e+02
1.175607138934577023e+02
1.305768613500819981e+02
1.095789273341649164e+02
1.056140451351712244e+02
1.040638335303322179e+02
9.813105038595614360e+01
1.043785279766510712e+02
1.030825131803197934e+02
1.177780488676306589e+02
9.820403110621495557e+01
1.036665065052632997e+02
1.017936083425136502e+02
1.001405210590135653e+02
1.125911612377924627e+02
1.105099514204312641e+02
1.034548018826214673e+02
1.035571877848220055e+02
1.059413246568932436e+02
1.049834074467469662e+02
1.057393733212268927e+02
1.100796403588012851e+02
1.147641133407326208e+02
9.765575573519195984e+01
1.032536649913771782e+02
1.105728262232532444e+02
9.284606039221908702e+01
1.117158982659693720e+02
9.971016064630880749e+01
1.055607199032201891e+02
1.208149179700169924e+02
1.017739617394700531e+02
1.027698134580450500e+02
1.002461263881198903e+02
1.037417986448912046e+02
1.106066877855089672e+02
9.657854774966789080e+01
1.083285797014696641e+02
1.007306735299570306e+02
1.005476528381616248e+02
1.032573311624744434e+02
1.131673376627173013e+02
1.059641450891044627e+02
1.109595185054822792e+02
9.788186712353073915e+01
1.045810194501817989e+02
1.108345325892245512e+02
1.005792700567200484e+02
1.116278190312959282e+02
1.112092510449980125e+02
1.038590233178025528e+02
1.070768977407797422e+02
1.084118746940546174e+02
1.055572006295564194e+02
1.013008880200767550e+02
1.099522037829387813e+02
9.912479209419960569e+01
1.129983047977383137e+02
9.529434026583420803e+01
1.035156106196831018e+02
1.064722757571462211e+02
1.196150894938616602e+02
1.159744084288049351e+02
9.662922525365897286e+01
1.176726304458327803e+02
1.073336488384747440e+02
9.629046891386556695e+01
9.806955589762472414e+01
1.033105796253820046e+02
1.068487196838645161e+02
1.079000434199324303e+02
1.168764190405540262e+02
9.755522109171016609e+01
9.873876848640972526e+01
1.134292183327920611e+02
1.087861288586000938e+02
1.056613963144185107e+02
1.039370613137969883e+02
1.065010804514820535e+02
9.919878357427158733e+01
1.059857742441059827e+02
1.029977288717473698e+02
1.086987130421285030e+02
1.015488401670908587e+02
1.100402930942816369e+02
1.106764657483223004e+02
1.134514201850396375e+02
1.486048050784340262e+02
9.283019605599493218e+01
9.629348495792653750e+01
1.049021719156701664e+02
9.993742506935819847e+01
1.059704330712161777e+02
1.098761639169541411e+02
9.849193104396960052e+01
1.035950172074302316e+02
9.715079033649784890e+01
1.072976494161940053e+02
1.028001051880197849e+02
1.092601158769286798e+02
9.627953715683644020e+01
1.212529906028748456e+02
9.275922715880795977e+01
9.539920564903792410e+01
1.063397540205434950e+02
9.958681330259840081e+01
1.145055203008518561e+02
1.020406021648473853e+02
1.146100194538695689e+02
1.071481518438136078e+02
1.099128586561009655e+02
1.209533937422373100e+02
9.725302872770205909e+01
1.025561630972701721e+02
1.001564612891477424e+02
9.526832816877782761e+01
1.043462192459910511e+02
9.887914212470292341e+01
1.071850018100623601e+02
1.126562344462583951e+02
9.911663361375205739e+01
1.003627862135328570e+02
1.060866097201055851e+02
1.050439542359313236e+02
1.209571910583332084e+02
1.012314215098451200e+02
1.136742454403901377e+02
1.110300558098903849e+02
9.795336935251950194e+01
1.003572614161724630e+02
9.769199501580749256e+01
9.542596921842014979e+01
1.137112133739699544e+02
9.641678792156935174e+01
1.017836884856877617e+02
1.055336702538461680e+02
1.012567990372545808e+02
1.034501116607135884e+02
1.100658140099402686e+02
9.613092847156001142e+01
1.024211369542110930e+02
1.070937293216192074e+02
1.012674439327749951e+02
1.105270808228778776e+02
1.048337332025754733e+02
9.771353124186425987e+01
1.157034880990129864e+02
9.322316143122935728e+01
1.139580911363948559e+02
1.018057413603565067e+02
1.037582003838411993e+02
9.975664878547037517e+01
9.817878527578092474e+01
1.033850877016312779e+02
1.017479153224751087e+02
9.598742456492466602e+01
1.100724905212562135e+02
1.087414699255852071e+02
1.010391835503578761e+02
9.191080385727772750e+01
1.029797211332773514e+02
1.145167505658400984e+02
1.066185328202367799e+02
1.020969820220961566e+02
1.085949240363566020e+02
1.037509629669733187e+02
1.185395894833065853e+02
8.991584725235108522e+01
1.121769679455107109e+02
9.580184721941657244e+01
9.798135612396946215e+01
1.122395373034400166e+02
1.191958420140378365e+02
9.587734304691254295e+01
1.078641951995956134e+02
1.051774614912730499e+02
9.770087169880078193e+01
9.420869608810150453e+01
1.083278836275697472e+02
1.039534126001363461e+02
1.117195406771845256e+02
1.326253210063542269e+02
9.231251058228987461e+01
1.039926861875580215e+02
1.092365829609122301e+02
1.212784857463436197e+02
9.591476126015376735e+01
1.224652928635456277e+02
1.191079730778984072e+02
1.045360509437652468e+02
1.027005902369939463e+02
1.067974607885882534e+02
9.757026472576386311e+01
1.124530780421845435e+02
1.165505758144661712e+02
9.287251499703550905e+01
9.941045891643291554e+01
9.985237963192621180e+01
1.027543766083628327e+02
9.807362825109852622e+01
1.121209465818784565e+02
9.970027324381879907e+01
1.087238684182112678e+02
9.529614951161748593e+01
1.114207068070863471e+02
1.017952576440522421e+02
1.153814153285406547e+02
9.979210404943171397e+01
1.006411217063977830e+02
1.022198481597279311e+02
1.097799233343031773e+02
9.396224807016737657e+01
1.159681654078103179e+02
9.616277066135747020e+01
1.040947432922937850e+02
1.068215347989791155e+02
1.059238194075827408e+02
1.152177847236189479e+02
1.114713455625447267e+02
1.153873965213635131e+02
1.035505287680472861e+02
1.069226723966229002e+02
1.075726736311260083e+02
9.597984762452045970e+01
1.157470998473384043e+02
1.005378672756344969e+02
1.088653548034263849e+02
1.104031283833393928e+02
1.052472370794067871e+02
1.032583563647554996e+02
1.077576067840403056e+02
1.163775008475519854e+02
9.420453576424441167e+01
9.143998016755593028e+01
1.137928554896940341e+02
9.198736515181924744e+01
1.075902612913340448e+02
9.602548058536368103e+01
1.179855904167053211e+02
1.126080092363543628e+02
9.542100337197435067e+01
1.038734770472301676e+02
1.048588898879435192e+02
1.098613978193767906e+02
1.065681945146542660e+02
1.092809580633328750e+02
1.123319674948258609e+02
9.995087921393287900e+01
9.855105467071408043e+01
9.336739013272895704e+01
9.995308813087281408e+01
1.002730381017195782e+02
1.112595188432753019e+02
9.655830896452387435e+01
1.045439533865938841e+02
1.025215967060395315e+02
1.075623574810351215e+02
1.122400955946083627e+02
1.004791197514330605e+02
9.543172163096043903e+01
1.081466400409653943e+02
1.038503925207467944e+02
9.594620324866691874e+01
1.046468858609902526e+02
1.066549696169907122e+02
1.211740521846722061e+02
9.165832886187500606e+01
1.034654142051434604e+02
1.132054567653050157e+02
1.026507118229917239e+02
9.734188515166619027e+01
1.038315346161344337e+02
9.678712040371036096e+01
1.079528513287355338e+02
1.375804999084820111e+02
9.202875122350920378e+01
1.067353615755762064e+02
1.069853536781894405e+02
9.476816900957075518e+01
1.117483719080283322e+02
1.053323460482930898e+02
9.718083413094025502e+01
1.028875050114117755e+02
1.133142645483964799e+02
9.835067428921759358e+01
1.090941182143889705e+02
1.149669114819964193e+02
1.045639158861935414e+02
9.927097157815605044e+01
1.009902342572064526e+02
1.065029117615198118e+02
1.020216197366059987e+02
9.595018091290504003e+01
1.046832289549014945e+02
1.066788309385145510e+02
1.082485856084991838e+02
9.996677487452843991e+01
1.056986679794429733e+02
9.448946791116374300e+01
1.189991198667774341e+02
9.590442365162262206e+01
1.103252567626781797e+02
9.876083034100030034e+01
1.072404163034843663e+02
1.110372228797546654e+02
1.012622814416638874e+02
1.219496481577231322e+02
1.037452537624365903e+02
1.145067455206540075e+02
9.389175082488118562e+01
1.054848892692990745e+02
9.681053218476279199e+01
1.016819122005739331e+02
1.126254910823263344e+02
9.846717587229372270e+01
9.699691204499968933e+01
1.061115970080384017e+02
1.021939939859019404e+02
1.104996916602732426e+02
1.081666778160364970e+02
1.002491607596949166e+02
9.533181987055135664e+01
9.819956858049702930e+01
1.076539100057184584e+02
9.226943345842806821e+01
1.225790092628764825e+02
9.183331313568359633e+01
1.093750614700853845e+02
9.605750189068795919e+01
1.025555174626084209e+02
1.031582425291005478e+02
9.420389448183321690e+01
1.011244611038266470e+02
1.020769540982401651e+02
1.073430784453766620e+02
1.020425042368161712e+02
9.614196637946497503e+01
1.134374705352524728e+02
1.003143740996178650e+02
1.020969168305193477e+02
1.013573206499631283e+02
1.015673499429956337e+02
1.077478924842668135e+02
9.233704849392751157e+01
1.146393162943575987e+02
1.027581091367792254e+02
1.075373409850658533e+02
9.568844056309225721e+01
1.226150592794892873e+02
1.125548865765416195e+02
1.071573922132030390e+02
9.670945103280178046e+01
9.733245384717274362e+01
1.239595830828623377e+02
9.529831034622837649e+01
1.126761363905674074e+02
1.011608388188752770e+02
1.104374428020853145e+02
1.115880513333353150e+02
1.023337672372773710e+02
9.811206444645301872e+01
1.160439898118089417e+02
9.315408050564074927e+01
1.111248743687883263e+02
9.600668907779045469e+01
1.104874952268828423e+02
1.073336872030095179e+02
1.085084502502939756e+02
1.020748569624888802e+02
1.090155611004130520e+02
9.850059453307835611e+01
1.082623226585626668e+02
9.629700948042226116e+01
1.103727080003171039e+02
9.926934450048405267e+01
1.173602502377245713e+02
1.149700927867452123e+02
9.724083132086457226e+01
1.270153332774788026e+02
1.048790537307886694e+02
9.534599209622480487e+01
1.125679532815409942e+02
1.003468494423375574e+02
1.043963626061425316e+02
9.854870025837699643e+01
1.040417255946021555e+02
1.184488340436180778e+02
9.350678861226390381e+01
1.045993974676325422e+02
1.012405253749152649e+02
9.893798086994483754e+01
9.429679088847453272e+01
1.031207518353333370e+02
1.057589050537793582e+02
1.132156540616738596e+02
1.084566324850873258e+02
1.029196057940013134e+02
1.093188262129803405e+02
9.304149331090553687e+01
9.545367480130579452e+01
1.053089638145100082e+02
1.076560165581244917e+02
1.004628791440971440e+02
1.091761653370643899e+02
1.047092088791268480e+02
1.221180240256026934e+02
9.016457677062749099e+01
9.776035782147839370e+01
1.042177931854079844e+02
1.114948487398263097e+02
1.026243452191844341e+02
1.167504904349268884e+02
9.924585821326878943e+01
1.126175814666454897e+02
1.034607558222359955e+02
1.023243830371646368e+02
1.068853110658466647e+02
1.037337336775186856e+02
1.135815614625266932e+02
9.792377589001385729e+01
9.917927955801310702e+01
9.628830061849406263e+01
1.315912450503681725e+02
8.828168324809276157e+01
1.045297545619853423e+02
1.052079296638237906e+02
1.029790776419152394e+02
9.294721162007449777e+01
1.111113167033685585e+02
9.987570243843013884e+01
1.010045535381252932e+02
9.904282551537444590e+01
1.083463780739185864e+02
1.089477810249208289e+02
9.718157703627302624e+01
9.881639772638450836e+01
1.028072992413805764e+02
1.043712965090421676e+02
1.106721832454806815e+02
1.021928468237878462e+02
1.063076273343819480e+02
1.116288729163604643e+02
9.694664399558479317e+01
1.036495207523207966e+02
1.020317631974703687e+02
1.068626071859050626e+02
9.981139643839061648e+01
1.017484337035521520e+02
1.129280665358444224e+02
9.909258603910872409e+01
1.056690173070146415e+02
1.205330759987614471e+02
9.964746059114816035e+01
9.896171639808822817e+01
1.082379220142013025e+02
1.000237315307389281e+02
9.498489467802717456e+01
1.158378170172021413e+02
1.059715040494368878e+02
1.106501217232402610e+02
9.639109475797866367e+01
1.050309514309268764e+02
9.951331749838941221e+01
9.875947092017079854e+01
1.078528028918469488e+02
1.133358596353835424e+02
9.817249510443802762e+01
1.054409121775325673e+02
1.019218025758996475e+02
9.264829115473987997e+01
1.033246301214735468e+02
1.013760936686305172e+02
1.011545238698374760e+02
9.767223071179500948e+01
1.012040302814454975e+02
1.086037488218957918e+02
1.009736984846077661e+02
9.739694866698914666e+01
9.641444749895286748e+01
1.004732365379984458e+02
1.055975058955083909e+02
1.213540594073553791e+02
9.837049640561720310e+01
1.095546744093624341e+02
1.019049036946820053e+02
9.240497675446685832e+01
1.055235337580569848e+02
1.076168342699016307e+02
1.181053913864994200e+02
1.002269511620336289e+02
9.467047675387043171e+01
1.006039103514256681e+02
1.008354072413408886e+02
9.648372374064743440e+01
1.035994091105137187e+02
1.154219074885607057e+02
1.013144140224809036e+02
9.944210811937638539e+01
9.891826127727257756e+01
1.020197140363638226e+02
1.129777993155862106e+02
1.110618823751863289e+02
9.672646772580282004e+01
1.073393358431638234e+02
9.907330748956900379e+01
1.024679132706673101e+02
1.055667934162006389e+02
1.006211649873847165e+02
1.044346707581697871e+02
1.060449128862353092e+02
1.288832844960496686e+02
9.455397151235550268e+01
1.030801612802994214e+02
1.030816321551251775e+02
1.128129200394189837e+02
9.652082305195264667e+01
1.155203418984724522e+02
1.002722316133648377e+02
1.022760410957352946e+02
1.038206319476182813e+02
1.155869737686731753e+02
9.843531100782701060e+01
1.004474475372482232e+02
1.085530170043346914e+02
1.025635230797161910e+02
1.127559981383564747e+02
1.058561856569445325e+02
9.468698101175183979e+01
1.064852827470263037e+02
1.030685979141712636e+02
9.644496587166291590e+01
1.258756792028118952e+02
9.025276837190007484e+01
1.033771223966809885e+02
1.033134940514948852e+02
1.086761723583207129e+02
9.862589994236091684e+01
1.071435211422555795e+02
1.026304752627568604e+02
1.112106502121810081e+02
1.014689181090179346e+02
1.216413245328670030e+02
1.003213805251796913e+02
9.661521619829665042e+01
1.119608869502534816e+02
9.523734081510100680e+01
9.158263008591637799e+01
1.062326841334386103e+02
9.339056978077259430e+01
1.089403871351978950e+02
1.064307428851241184e+02
9.832854859330258535e+01
1.026287463934059190e+02
1.006637266065522169e+02
9.910671532794378891e+01
1.049208717058616855e+02
9.650042988017892753e+01
1.014649425789350801e+02
1.017586596858280075e+02
9.993903008107371022e+01
9.860235448163174965e+01
1.011607009266809740e+02
1.046713933106390613e+02
1.031285961182770166e+02
1.140456759599571086e+02
9.604037184782089298e+01
9.707246728671712788e+01
1.053425844999531478e+02
1.136307786193733165e+02
9.613124762792263311e+01
1.051472475575538823e+02
