8.542050781250000000e+02
5.044404506683349609e+00
2.590482521057128906e+01
6.387312011718750000e+02
9.523510742187500000e+01
4.642503738403320312e+00
2.645876770019531250e+02
5.595227050781250000e+01
4.229873962402343750e+02
5.948572998046875000e+02
5.155222702026367188e+01
1.852622833251953125e+02
5.210106201171875000e+02
5.527987670898437500e+01
1.389844703674316406e+01
5.470803222656250000e+02
3.264331436157226562e+01
2.714739379882812500e+02
8.926656341552734375e+01
1.013873100280761719e+01
1.752395477294921875e+02
4.386325683593750000e+02
1.949251365661621094e+01
3.351651000976562500e+02
1.983756446838378906e+01
1.758888816833496094e+01
3.791946105957031250e+02
9.007618713378906250e+01
1.939495468139648438e+01
1.528481483459472656e+00
