8.636319580078125000e+02
4.925024986267089844e+00
9.953547477722167969e+00
4.959199829101562500e+02
5.593372821807861328e+00
1.428527641296386719e+01
5.258387374877929688e+01
2.148431777954101562e+00
2.278383255004882812e+01
7.955700874328613281e+00
3.376469135284423828e+00
1.352384376525878906e+01
1.142582511901855469e+01
1.987738847732543945e+00
1.151540398597717285e+00
9.043516159057617188e+00
4.438272953033447266e+00
8.551130294799804688e-01
1.474536132812500000e+01
1.470029592514038086e+00
3.229309797286987305e+00
3.124366283416748047e+00
1.030005073547363281e+01
6.691656112670898438e-01
1.657527160644531250e+01
1.107771277427673340e+00
6.711176872253417969e+00
3.338185071945190430e+00
8.272249221801757812e+00
6.694347858428955078e-01
1.113115978240966797e+01
1.362734675407409668e+00
1.173604130744934082e+00
2.631876468658447266e+00
6.720407009124755859e+00
3.669694066047668457e-01
1.258375358581542969e+01
9.379997253417968750e-01
4.466055333614349365e-01
3.745993375778198242e-01
4.593100547790527344e+00
1.396239846944808960e-01
1.392508983612060547e+01
9.636862874031066895e-01
1.021379828453063965e+00
1.333843231201171875e+01
2.926014661788940430e+00
2.576342821121215820e-01
1.449423432350158691e+00
1.429035782814025879e+00
5.632494688034057617e-01
3.477660119533538818e-01
6.407579779624938965e-01
2.598985470831394196e-02
3.702286481857299805e+00
7.688727378845214844e-01
7.618237137794494629e-01
2.441497564315795898e+00
1.208233356475830078e+00
4.467537403106689453e-01
3.518784284591674805e+00
1.158041000366210938e+00
1.346481084823608398e+00
1.417958545684814453e+01
2.194594591856002808e-01
1.035398483276367188e+00
1.760688781738281250e+01
1.483046293258666992e+00
3.325530290603637695e-01
2.524135589599609375e+01
2.259602844715118408e-01
4.316548258066177368e-02
8.413612365722656250e+00
1.492036461830139160e+00
3.078688144683837891e+00
1.479856371879577637e+00
1.639282852411270142e-01
1.405592262744903564e-01
8.688837051391601562e+00
2.143667221069335938e+00
8.191946148872375488e-01
6.587824344635009766e+00
1.972441375255584717e-01
3.993414044380187988e-01
1.142477893829345703e+01
2.032747745513916016e+00
1.567812561988830566e+00
3.189175367355346680e+00
4.645488783717155457e-02
1.611939817667007446e-02
4.694870948791503906e+00
1.908141136169433594e+00
9.406874775886535645e-01
3.685625553131103516e+00
1.475141495466232300e-01
1.315673887729644775e-01
9.378141403198242188e+00
1.404378771781921387e+00
2.368775367736816406e+00
3.645558357238769531e-01
1.037793532013893127e-01
2.252761423587799072e-01
1.058024764060974121e+00
1.624651670455932617e+00
1.569105684757232666e-01
8.176344037055969238e-01
1.766223311424255371e-01
8.534532040357589722e-02
1.905228853225708008e+00
1.756506204605102539e+00
3.798473477363586426e-01
1.209511876106262207e+00
1.304324567317962646e-01
3.015034273266792297e-02
6.688490390777587891e+00
1.666632413864135742e+00
4.402719438076019287e-01
1.642303466796875000e-01
6.472904682159423828e-01
1.829746514558792114e-01
6.055078983306884766e+00
1.047417044639587402e+00
2.363193482160568237e-01
4.551084712147712708e-02
1.504879295825958252e-01
1.211014389991760254e-01
8.722890019416809082e-01
1.383643627166748047e+00
4.607362300157546997e-02
7.673912048339843750e-01
1.345045715570449829e-01
2.235194742679595947e-01
1.662607908248901367e+00
2.367879390716552734e+00
1.915826350450515747e-01
1.192842578887939453e+01
4.256300926208496094e-01
8.456532657146453857e-02
1.144121408462524414e+00
1.629954934120178223e+00
5.519844964146614075e-02
5.374248504638671875e+00
2.125758379697799683e-01
1.739207804203033447e-01
3.606320142745971680e+00
2.231951475143432617e+00
5.890421941876411438e-02
4.198671340942382812e+00
7.465127110481262207e-02
4.632705822587013245e-02
5.007572174072265625e+00
8.879169225692749023e-01
8.999039977788925171e-02
1.888875961303710938e+00
2.469318807125091553e-01
2.315480262041091919e-01
1.495640563964843750e+01
9.204967617988586426e-01
2.336089909076690674e-01
2.134865283966064453e+00
1.435340195894241333e-01
8.897933363914489746e-02
1.231699943542480469e+00
1.160185694694519043e+00
1.308653652667999268e-01
8.318322896957397461e-01
1.066518425941467285e-01
3.037540018558502197e-01
3.763119459152221680e+00
6.140449643135070801e-01
2.777310907840728760e-01
7.986221909523010254e-01
1.684859097003936768e-01
2.736923992633819580e-01
7.216066837310791016e+00
1.925589561462402344e+00
1.070658415555953979e-01
4.280008673667907715e-01
4.589224755764007568e-01
1.178454756736755371e-01
1.708986282348632812e+01
1.198124885559082031e+00
1.127896785736083984e+00
7.616913914680480957e-01
6.460108160972595215e-01
1.672740876674652100e-01
6.409706115722656250e+00
8.149420619010925293e-01
3.875660657882690430e+00
2.536403465270996094e+01
7.613154649734497070e-01
1.523952037096023560e-01
2.659140110015869141e+00
1.314140796661376953e+00
1.236971259117126465e+00
3.257618546485900879e-01
3.135308504104614258e+00
2.423254549503326416e-01
1.474073410034179688e+00
6.355534791946411133e-01
2.222222387790679932e-01
4.531037211418151855e-01
8.542551994323730469e-01
7.836140394210815430e-01
5.636015892028808594e+00
1.791334748268127441e+00
1.990206241607666016e-01
4.020399093627929688e+00
4.604001939296722412e-01
5.290662050247192383e-01
6.793163299560546875e+00
1.214198470115661621e+00
2.012825012207031250e-01
1.004799246788024902e+00
7.669542431831359863e-01
1.005146130919456482e-01
3.756863355636596680e+00
1.434370279312133789e+00
3.488797843456268311e-01
1.992760747671127319e-01
2.327162474393844604e-01
5.844752788543701172e-01
1.890328764915466309e+00
1.344778299331665039e+00
2.549308061599731445e+00
6.526644229888916016e-01
4.130320549011230469e-01
3.356026113033294678e-01
6.567928194999694824e-01
8.923927545547485352e-01
5.291118025779724121e-01
8.333036303520202637e-01
1.562296509742736816e+00
9.845297038555145264e-02
2.827569484710693359e+00
1.073282122611999512e+00
6.761893630027770996e-01
2.242643833160400391e+00
3.503776788711547852e-01
1.994835436344146729e-01
2.032761096954345703e+00
1.561553239822387695e+00
3.103121817111968994e-01
1.115388393402099609e+00
8.833547830581665039e-01
3.350400030612945557e-01
5.840061902999877930e-01
2.256000995635986328e+00
5.031837224960327148e-01
1.647374153137207031e+00
6.593147516250610352e-01
3.178652822971343994e-01
3.705947995185852051e-01
1.623122215270996094e+00
4.187076166272163391e-02
3.537673950195312500e+00
3.036968708038330078e-01
9.963558614253997803e-02
6.860023498535156250e+00
1.289445281028747559e+00
2.665464580059051514e-01
6.554946899414062500e+00
2.855346202850341797e-01
7.085524499416351318e-02
4.992138862609863281e+00
2.168771266937255859e+00
1.409160196781158447e-01
8.402540087699890137e-01
2.931253314018249512e-01
1.006318703293800354e-01
3.541705608367919922e+00
1.654649138450622559e+00
1.697898656129837036e-01
1.632409691810607910e+00
2.226149290800094604e-01
3.889013826847076416e-01
6.509622097015380859e+00
1.773820281028747559e+00
2.109683007001876831e-01
1.860333979129791260e-01
1.361867189407348633e-01
4.669482111930847168e-01
7.875389099121093750e+00
1.441534757614135742e+00
7.145884037017822266e-01
4.852216839790344238e-01
3.570466935634613037e-01
1.132919341325759888e-01
1.544546699523925781e+01
2.168320655822753906e+01
2.064845263957977295e-01
1.764900386333465576e-01
1.384800970554351807e-01
1.502574980258941650e-01
4.318119049072265625e+00
1.870217132568359375e+01
2.544984221458435059e-01
1.571592688560485840e+00
4.314852356910705566e-01
8.964914083480834961e-02
5.208674430847167969e+00
1.783346176147460938e+01
3.253218233585357666e-01
3.472490906715393066e-01
2.092844247817993164e-01
6.716912239789962769e-02
1.097181510925292969e+01
1.480886268615722656e+01
5.425921678543090820e-01
3.155268728733062744e-01
9.436432272195816040e-02
2.021836787462234497e-01
2.332557106018066406e+01
1.406331157684326172e+01
2.237393409013748169e-01
8.664587140083312988e-01
3.797388672828674316e-01
6.524051725864410400e-02
1.217275619506835938e+00
1.421989917755126953e+01
1.440940648317337036e-01
3.559288740158081055e+00
2.438416145741939545e-02
8.002933114767074585e-02
3.426808834075927734e+00
9.941966056823730469e+00
1.331008523702621460e-01
9.635405540466308594e-01
6.150940060615539551e-02
9.777817875146865845e-02
2.251962184906005859e+00
8.742304801940917969e+00
1.864812076091766357e-01
1.036327332258224487e-01
1.290384978055953979e-01
9.295881539583206177e-02
5.601334571838378906e-01
7.843685150146484375e+00
7.625554502010345459e-02
5.090448856353759766e-01
1.173214092850685120e-01
1.113161072134971619e-01
2.523185253143310547e+00
7.502295017242431641e+00
8.188634365797042847e-02
5.030813217163085938e-01
2.673366963863372803e-01
1.276621818542480469e-01
2.260517835617065430e+00
5.785524845123291016e+00
2.567652761936187744e-01
1.553058981895446777e+00
1.756352186203002930e-01
8.709370344877243042e-02
4.231263637542724609e+00
3.168082475662231445e+00
8.753880113363265991e-02
3.719444990158081055e+00
1.242341846227645874e-01
1.788851767778396606e-01
3.480210065841674805e+00
1.121123433113098145e+00
2.359987050294876099e-01
1.684731990098953247e-01
3.232538998126983643e-01
7.209558039903640747e-02
2.375352859497070312e+00
1.574864506721496582e+00
4.325723052024841309e-01
1.443072915077209473e+00
1.838255226612091064e-01
1.521226167678833008e-01
9.896898269653320312e-01
1.802798509597778320e+00
1.222550868988037109e-01
2.449171304702758789e+00
3.169959783554077148e-01
1.269445717334747314e-01
4.977605938911437988e-01
1.634586572647094727e+00
1.067836731672286987e-01
1.463467478752136230e+00
4.876699447631835938e-01
5.320014804601669312e-02
1.783549070358276367e+00
1.363026618957519531e+00
4.454451501369476318e-01
3.655176162719726562e-01
1.790633052587509155e-01
3.426488339900970459e-01
5.209107398986816406e-01
1.521544694900512695e+00
3.549999296665191650e-01
3.872427463531494141e+00
6.712594032287597656e-01
1.622497141361236572e-01
2.708803117275238037e-01
1.546328306198120117e+00
5.557759478688240051e-02
3.125193357467651367e+00
4.156808257102966309e-01
1.833072006702423096e-01
1.944785356521606445e+00
1.457073450088500977e+00
9.345358610153198242e-02
9.588130116462707520e-01
6.982524991035461426e-01
1.533049941062927246e-01
4.970187187194824219e+00
1.631796836853027344e+00
3.893516659736633301e-01
5.901284217834472656e+00
2.166840285062789917e-01
2.268210798501968384e-02
1.492998003959655762e+00
1.591316461563110352e+00
1.189829707145690918e-01
2.294933795928955078e+00
3.590280413627624512e-01
7.374259084463119507e-02
5.840156078338623047e+00
1.625521063804626465e+00
1.338433772325515747e-01
2.489496231079101562e+00
2.356012612581253052e-01
3.901798650622367859e-02
6.351404666900634766e+00
2.272200107574462891e+00
1.076460629701614380e-01
1.278331041336059570e+00
3.428547978401184082e-01
1.786879003047943115e-01
1.116425395011901855e+00
2.160336017608642578e+00
1.393739283084869385e-01
1.875743865966796875e+00
2.025573253631591797e-01
1.331522166728973389e-01
1.075539231300354004e+00
2.601551055908203125e+00
1.787592619657516479e-01
1.954341650009155273e+00
6.306350827217102051e-01
1.697503179311752319e-01
3.779331207275390625e+00
2.176292181015014648e+00
6.569486856460571289e-02
1.341937303543090820e+00
4.481708109378814697e-01
8.202106505632400513e-02
6.562529087066650391e+00
2.140915393829345703e+00
2.409402579069137573e-01
5.895018577575683594e-01
1.412274837493896484e-01
9.466839581727981567e-02
1.544844865798950195e+00
1.893211603164672852e+00
1.219587773084640503e-01
6.554957628250122070e-01
9.834554791450500488e-01
6.287335604429244995e-02
1.580905675888061523e+00
1.942036867141723633e+00
6.137444451451301575e-02
2.436218976974487305e+00
2.794376611709594727e-01
1.149298697710037231e-01
4.007265567779541016e+00
1.566408872604370117e+00
1.216058582067489624e-01
6.303919792175292969e+00
4.810129702091217041e-01
3.399567604064941406e-01
4.263352453708648682e-01
2.133125305175781250e+00
2.863442897796630859e-01
2.724165916442871094e+00
5.797459483146667480e-01
1.819301396608352661e-01
1.786833763122558594e+00
1.895169258117675781e+00
4.005323722958564758e-02
5.992739200592041016e+00
7.425361871719360352e-01
4.524187147617340088e-01
7.598034739494323730e-01
2.289313316345214844e+00
1.310278475284576416e-01
1.921768903732299805e+00
8.540371060371398926e-01
9.630604088306427002e-02
2.554509401321411133e+00
1.642248153686523438e+00
2.032359093427658081e-01
3.258736371994018555e+00
1.945212185382843018e-01
1.497899740934371948e-01
1.455322623252868652e+00
2.417740821838378906e+00
1.024604558944702148e+00
1.559155702590942383e+00
2.776404619216918945e-01
6.996121257543563843e-02
4.199369430541992188e+00
2.501801967620849609e+00
2.101685106754302979e-01
4.725844383239746094e+00
1.387345045804977417e-01
2.927903234958648682e-01
6.244000434875488281e+00
2.015494823455810547e+00
2.486841231584548950e-01
7.372740745544433594e+00
9.228326678276062012e-01
1.990553736686706543e-01
4.956857562065124512e-01
2.421108245849609375e+00
2.737510502338409424e-01
4.858740806579589844e+00
3.331517279148101807e-01
7.205532193183898926e-01
8.032903671264648438e+00
2.202352046966552734e+00
2.746221423149108887e-01
2.097922563552856445e+00
2.017456740140914917e-01
3.153966069221496582e-01
6.674363613128662109e+00
1.802917480468750000e+00
9.926977157592773438e-01
8.855735778808593750e+00
3.531351685523986816e-01
7.412062585353851318e-02
1.882100701332092285e+00
2.068024635314941406e+00
1.126580834388732910e-01
2.595377683639526367e+00
5.536957383155822754e-01
6.951891630887985229e-02
8.134623527526855469e+00
1.706159234046936035e+00
2.185337990522384644e-01
2.551772117614746094e+00
1.719899773597717285e-01
1.802358329296112061e-01
7.800904750823974609e+00
1.705423712730407715e+00
4.872808456420898438e-01
3.204121828079223633e+00
3.184719681739807129e-01
2.248611450195312500e-01
6.948172092437744141e+00
1.751736283302307129e+00
1.973620951175689697e-01
2.106232166290283203e+00
1.054076313972473145e+00
6.051727384328842163e-02
2.794636249542236328e+00
2.289849758148193359e+00
1.028341799974441528e-01
1.011797618865966797e+01
5.485187172889709473e-01
5.435673519968986511e-02
1.548206806182861328e+00
2.488299846649169922e+00
1.995238959789276123e-01
6.508353233337402344e+00
5.910086631774902344e-01
1.713802218437194824e-01
1.063108682632446289e+00
1.796642065048217773e+00
1.507932692766189575e-01
4.097289085388183594e+00
8.884908556938171387e-01
1.408809125423431396e-01
4.022799491882324219e+00
1.833318710327148438e+00
2.123079597949981689e-01
5.244353771209716797e+00
1.449240922927856445e+00
8.540127426385879517e-02
4.101916313171386719e+00
2.146045923233032227e+00
3.592683970928192139e-01
1.270795726776123047e+01
1.191130161285400391e+00
1.243451386690139771e-01
2.173178195953369141e+00
1.845304846763610840e+00
1.775673925876617432e-01
3.606556320190429688e+01
2.291745692491531372e-01
4.722182750701904297e-01
8.194653511047363281e+00
1.926239252090454102e+00
3.276296555995941162e-01
1.448373413085937500e+01
1.062853336334228516e+00
3.275948762893676758e-02
