8.489236450195312500e+02
2.163324737548828125e+02
2.140891113281250000e+02
1.618491058349609375e+02
2.177107238769531250e+02
1.629841232299804688e+01
1.298215637207031250e+02
7.970945739746093750e+01
1.677646942138671875e+02
1.087327117919921875e+02
7.954949340820312500e+02
2.826448669433593750e+02
5.438948822021484375e+01
8.348781585693359375e+00
3.639128875732421875e+01
9.752179145812988281e+00
4.840575561523437500e+02
5.363920288085937500e+02
9.113108515739440918e-01
3.297695159912109375e+01
7.934840202331542969e+00
1.526292419433593750e+02
2.948826599121093750e+01
1.787460136413574219e+01
1.660935401916503906e+00
9.373556137084960938e+00
6.813319206237792969e+00
3.198670864105224609e+00
1.523816871643066406e+01
1.196309585571289062e+02
1.783603072166442871e+00
2.190345382690429688e+01
4.849872131347656250e+02
1.385762176513671875e+02
3.627493977546691895e-01
1.215887308120727539e+00
8.046379089355468750e+00
1.026581573486328125e+01
3.111144304275512695e+00
6.504053592681884766e+00
1.973654327392578125e+02
1.127090209960937500e+03
1.205531597137451172e+00
1.720857849121093750e+02
1.050788955688476562e+02
6.118019819259643555e-01
1.298161792755126953e+01
3.327703952789306641e+00
4.113075733184814453e+00
8.467839241027832031e+00
1.774342298507690430e+00
8.257684707641601562e+00
1.107330918312072754e+00
8.305117034912109375e+01
5.694300079345703125e+01
2.226335048675537109e+00
5.270944595336914062e+00
3.658517837524414062e+00
3.455266571044921875e+01
3.494738006591796875e+01
2.355500459671020508e+00
2.317767620086669922e+00
3.477210283279418945e+00
1.002431035041809082e+00
5.555423736572265625e+00
5.363773345947265625e+01
3.041639328002929688e+01
1.893718361854553223e+00
1.132555365562438965e+00
4.281023502349853516e+00
4.143219947814941406e+00
5.672734379768371582e-01
1.083070068359375000e+02
5.186968231201171875e+01
3.446994304656982422e+00
4.587716162204742432e-01
3.552156448364257812e+00
7.725064277648925781e+00
3.648937225341796875e+00
2.428487777709960938e+00
1.957838773727416992e+00
2.113792449235916138e-01
4.818630981445312500e+01
3.012946605682373047e+00
8.720644531250000000e+02
3.656963348388671875e+01
3.925823688507080078e+00
9.958450317382812500e+00
1.005183563232421875e+02
2.383019208908081055e+00
1.493915200233459473e+00
3.840327072143554688e+01
1.393130779266357422e+01
1.121689453125000000e+02
2.292308044433593750e+01
5.525926589965820312e+00
3.559988498687744141e+00
3.513175249099731445e+00
3.916700839996337891e+00
3.126394042968750000e+02
1.190065622329711914e+00
1.258282947540283203e+01
1.128584146499633789e+00
1.809776544570922852e+00
3.034262061119079590e-01
7.677053928375244141e+00
3.777880907058715820e+00
1.749704599380493164e+00
2.448628664016723633e+00
6.848261833190917969e+00
2.049243688583374023e+00
1.660901336669921875e+02
5.212624549865722656e+00
1.296152234077453613e+00
1.589861145019531250e+02
9.046762466430664062e+00
1.732490301132202148e+00
4.545714569091796875e+01
2.446261167526245117e+00
3.312181854248046875e+01
1.593012046813964844e+01
2.779556274414062500e+00
1.434172630310058594e+01
1.265184760093688965e+00
7.260349988937377930e-01
3.206590175628662109e+00
1.068123102188110352e+00
1.770366907119750977e+00
1.617736053466796875e+01
4.580894470214843750e+00
1.748601150512695312e+01
3.155963897705078125e+00
3.322466373443603516e+00
1.421347808837890625e+01
4.693060398101806641e+00
6.369968652725219727e-01
5.614705810546875000e+02
5.061653852462768555e-01
1.557292747497558594e+01
3.062942028045654297e-01
1.001270008087158203e+01
3.096316456794738770e-01
5.921932983398437500e+01
1.574985682964324951e-01
9.222202301025390625e-01
4.079322814941406250e+00
9.585574269294738770e-01
1.310272455215454102e+00
2.066343784332275391e+00
3.319977951049804688e+01
1.295168495178222656e+01
3.462830352783203125e+01
3.761168420314788818e-01
5.992671966552734375e+00
4.804704666137695312e+00
1.207401037216186523e+00
3.957971096038818359e+00
2.449116408824920654e-01
1.035990619659423828e+01
3.719365000724792480e-01
1.525729656219482422e+01
6.471910400390625000e+02
6.849683523178100586e-01
1.029659986495971680e+00
7.208858728408813477e-01
2.839981019496917725e-01
3.638651657104492188e+01
7.688025236129760742e-01
1.004053235054016113e+00
2.308966445922851562e+01
9.684008359909057617e-01
3.402806520462036133e-01
8.007744550704956055e-01
3.494660556316375732e-01
1.147634696960449219e+01
4.089344024658203125e+00
1.453414726257324219e+01
3.335277736186981201e-01
9.271848797798156738e-01
3.239386796951293945e+00
2.856076359748840332e-01
3.722452545166015625e+01
1.338822746276855469e+01
1.132649660110473633e+00
3.744254112243652344e-01
3.275945186614990234e+00
8.147323608398437500e+02
4.586209356784820557e-01
1.330366849899291992e+00
2.542914748191833496e-01
6.253310441970825195e-01
6.157315731048583984e+00
6.611350059509277344e+00
1.102104263305664062e+02
3.988683819770812988e-01
4.419474124908447266e+00
4.424374699592590332e-01
4.691278457641601562e+01
4.014987182617187500e+01
2.661890220642089844e+01
1.057873725891113281e+00
2.698107910156250000e+01
4.983946382999420166e-01
2.005604058504104614e-01
2.688456773757934570e+00
2.377858906984329224e-01
1.492123413085937500e+01
4.413558840751647949e-01
2.356275081634521484e+00
1.671226119995117188e+01
5.380091476440429688e+01
2.389093637466430664e-01
1.353603720664978027e+00
1.846336424350738525e-01
1.812483215332031250e+01
1.054790139198303223e+00
2.421983480453491211e-01
8.142026662826538086e-01
8.960124254226684570e-01
1.076664543151855469e+01
6.870921701192855835e-02
8.609954714775085449e-01
1.017295122146606445e+00
3.953546142578125000e+01
4.622081816196441650e-01
1.306350231170654297e-01
2.004168033599853516e+00
1.637174606323242188e+01
9.249959945678710938e+00
1.146316409111022949e+00
1.443525075912475586e+00
2.237818479537963867e+00
1.814499473571777344e+01
4.377245008945465088e-01
1.184120923280715942e-01
1.468565613031387329e-01
5.172832489013671875e+00
1.539741210937500000e+02
2.894438171386718750e+01
2.118242263793945312e+00
4.404546320438385010e-01
1.552367508411407471e-01
2.214399576187133789e-01
8.162465095520019531e+00
2.370635986328125000e+00
1.337611103057861328e+01
3.789708614349365234e-01
8.125788569450378418e-01
4.440486431121826172e-01
6.309433281421661377e-02
1.015352010726928711e-01
5.359178185462951660e-01
4.061688482761383057e-01
2.326635420322418213e-01
6.136355400085449219e+00
3.326502740383148193e-01
5.326323509216308594e+00
1.310749351978302002e-01
1.154362782835960388e-01
1.336229920387268066e+00
6.279358863830566406e+00
7.147542238235473633e-01
2.226355075836181641e-01
9.242473542690277100e-02
5.757770538330078125e+00
3.439471125602722168e-01
7.406217455863952637e-01
7.549871921539306641e+00
2.091609984636306763e-01
9.779225289821624756e-02
1.341177344322204590e+00
1.134680023193359375e+02
1.765277862548828125e+00
5.388859659433364868e-02
4.987461492419242859e-02
5.956445217132568359e+00
2.941922545433044434e-01
2.126414775848388672e-01
5.412265062332153320e-01
2.314753417968750000e+02
1.151178702712059021e-01
6.267996311187744141e+00
9.331369018554687500e+02
6.620498046875000000e+02
1.865486860275268555e+00
3.418154418468475342e-01
1.339199244976043701e-01
2.664532423019409180e+00
2.320533096790313721e-01
3.101232945919036865e-01
5.791752815246582031e+00
1.770871877670288086e-01
2.019078284502029419e-01
1.312456846237182617e+00
3.950990676879882812e+00
2.400016337633132935e-01
8.211611211299896240e-02
2.705802917480468750e+01
1.984654814004898071e-01
8.073779296875000000e+01
9.340983276367187500e+02
9.231583404541015625e+01
7.591369003057479858e-02
3.724486827850341797e-01
1.876018166542053223e+00
2.838645458221435547e+00
8.480726182460784912e-02
6.511547851562500000e+01
1.905203628540039062e+01
2.013925313949584961e-01
9.088833928108215332e-01
1.332796931266784668e+00
9.887481927871704102e-01
1.172945261001586914e+00
2.460758399963378906e+01
2.684335112571716309e-01
2.489490509033203125e-01
1.232407465577125549e-01
1.087292432785034180e-01
1.041240406036376953e+01
6.071947887539863586e-02
5.924748420715332031e+00
3.881980895996093750e+00
2.213809937238693237e-01
9.803707275390625000e+02
1.251339018344879150e-01
2.650984525680541992e-01
1.031025218963623047e+01
1.200570702552795410e+00
3.768126666545867920e-02
1.086824387311935425e-01
1.421175956726074219e+00
2.220664215087890625e+01
3.393502160906791687e-02
4.604185372591018677e-02
6.986717224121093750e+00
9.621640294790267944e-02
3.806283569335937500e+01
1.477726936340332031e+01
2.589669704437255859e+00
8.162409067153930664e-01
3.488422930240631104e-01
8.229539990425109863e-01
3.064570903778076172e+00
5.477016046643257141e-02
4.890284118652343750e+02
2.446880578994750977e+00
8.862463235855102539e-01
9.316488265991210938e+00
7.057949304580688477e-01
8.749276399612426758e-02
3.401837870478630066e-02
6.472705841064453125e+01
9.558805823326110840e-02
8.779605102539062500e+01
2.472808647155761719e+01
8.109433593750000000e+02
2.075746774673461914e+00
1.747904062271118164e+00
2.383502274751663208e-01
2.359369754791259766e+00
5.255802720785140991e-02
3.329860210418701172e+00
6.260804831981658936e-02
8.226145935058593750e+01
7.619678229093551636e-02
1.324199438095092773e+00
3.265463113784790039e-01
3.006940841674804688e+01
1.573459815979003906e+01
4.428057098388671875e+01
1.114991188049316406e+01
1.095298957824707031e+01
1.903772592544555664e+00
3.347889661788940430e+00
1.132709980010986328e-01
8.782674407958984375e+01
1.912357091903686523e+00
6.890794634819030762e-01
4.200895875692367554e-02
5.355676174163818359e+00
3.638703155517578125e+01
5.116888284683227539e-01
5.414635620117187500e+02
7.768833637237548828e-02
1.275740027427673340e+00
1.356318473815917969e+00
1.067116260528564453e-01
8.201578259468078613e-02
4.711470794677734375e+01
3.414400294423103333e-02
8.533070236444473267e-02
5.424252510070800781e+00
6.448455154895782471e-02
4.084416106343269348e-02
2.156738340854644775e-01
5.778726935386657715e-01
6.850585937500000000e+01
3.127757310867309570e-01
4.565627127885818481e-02
7.043011486530303955e-02
3.332487493753433228e-02
3.594805300235748291e-01
1.571074128150939941e-01
1.449234783649444580e-01
1.106738686561584473e+00
3.814141452312469482e-01
4.410071298480033875e-02
1.360519081354141235e-01
1.850551068782806396e-01
4.738700985908508301e-01
1.157875537872314453e+01
5.361822605133056641e+00
3.712143898010253906e-01
4.508474767208099365e-01
2.682252883911132812e+00
3.854083418846130371e-01
1.360842883586883545e-01
3.972618579864501953e+00
5.066184401512145996e-01
5.251219123601913452e-02
3.922473907470703125e+00
6.891484069824218750e+01
1.518604755401611328e-01
7.969336211681365967e-02
6.625932312011718750e+01
9.194997787475585938e+00
1.341331481933593750e+00
1.290466785430908203e-01
1.014389991760253906e+00
2.572340369224548340e-01
8.786050230264663696e-02
6.507652401924133301e-01
9.436674118041992188e+00
1.704945325851440430e+00
5.144055366516113281e+00
4.687456786632537842e-02
1.382055878639221191e-01
4.238629937171936035e-01
3.842643432617187500e+02
7.356463670730590820e-01
3.905298113822937012e-01
2.314068973064422607e-01
2.909487783908843994e-01
2.430939292907714844e+01
1.344225502014160156e+01
2.918943166732788086e-01
6.323848724365234375e+00
1.520015597343444824e+00
8.887182921171188354e-02
3.710644841194152832e-01
9.442470669746398926e-01
6.667430877685546875e+00
4.359393939375877380e-02
9.163792610168457031e+00
5.578904598951339722e-02
2.362607419490814209e-01
2.178154438734054565e-01
1.214005500078201294e-01
5.380221366882324219e+00
1.024491563439369202e-01
8.686354064941406250e+01
7.916950683593750000e+02
5.784794330596923828e+00
7.889963531494140625e+01
6.342682242393493652e-01
1.016399115324020386e-01
2.719746112823486328e+00
1.317107230424880981e-01
6.434733581542968750e+01
9.585215151309967041e-02
9.279751777648925781e-01
2.886871910095214844e+01
1.068004028320312500e+03
2.955265045166015625e-01
1.501071006059646606e-01
5.866977691650390625e+01
2.279625701904296875e+02
3.830407559871673584e-01
8.925388008356094360e-02
4.757709503173828125e-01
1.470475643873214722e-01
7.290123701095581055e-01
5.170688033103942871e-01
1.215964928269386292e-01
8.091991543769836426e-01
1.561679363250732422e+00
2.648995220661163330e-01
2.482263371348381042e-02
1.388295888900756836e+00
2.876709461212158203e+00
1.622647494077682495e-01
6.290520727634429932e-02
6.524643898010253906e-01
8.963458240032196045e-02
2.056150138378143311e-01
6.146117299795150757e-02
1.107794523239135742e+00
1.930875480175018311e-01
2.093280851840972900e-01
2.340665161609649658e-01
3.541080474853515625e+01
1.712891082763671875e+02
7.715053558349609375e+00
2.614269554615020752e-01
3.923934102058410645e-01
2.829092025756835938e+00
7.543581724166870117e-02
1.096178770065307617e+00
6.630681514739990234e+00
2.193606346845626831e-01
5.594132900238037109e+00
4.972733764648437500e+02
2.252612113952636719e-01
5.990517578125000000e+02
8.054941892623901367e-01
1.708112210035324097e-01
1.806772872805595398e-02
2.686600646972656250e+02
1.132682442665100098e+00
9.618765869140625000e+02
3.636501729488372803e-02
3.457714021205902100e-01
1.683118045330047607e-01
1.355989128351211548e-01
8.247604221105575562e-02
1.350700616836547852e+00
1.579606533050537109e-01
8.331106305122375488e-01
9.954206645488739014e-02
2.982667207717895508e+00
3.185276389122009277e-01
7.123867869377136230e-01
3.894082903861999512e-01
1.549611985683441162e-01
3.408110427856445312e+01
1.800424814224243164e+00
8.755634765625000000e+02
4.414379000663757324e-01
6.751603603363037109e+00
8.073163777589797974e-02
1.782058715820312500e+00
3.499166965484619141e+00
3.117594122886657715e-01
1.899682641029357910e+00
3.199408264160156250e+02
3.056496679782867432e-01
6.953098773956298828e-01
9.669876708984375000e+02
2.369276237487792969e+01
8.977317047119140625e+01
3.272972869873046875e+01
1.557239741086959839e-01
7.279651761054992676e-01
1.951261237263679504e-02
2.711584568023681641e-01
3.131452500820159912e-01
4.992438480257987976e-02
5.619617843627929688e+01
1.651333808898925781e+00
1.610264062881469727e+00
1.065486446022987366e-01
4.408834576606750488e-01
8.089193115234375000e+02
1.335377311706542969e+01
5.283306274414062500e+02
4.126127660274505615e-01
8.530081808567047119e-02
8.422875404357910156e-02
3.107279586791992188e+01
1.081536054611206055e+00
5.917458534240722656e+00
1.371501535177230835e-01
6.309730148315429688e+01
1.690269261598587036e-01
2.781588435173034668e-01
2.087717950344085693e-01
5.784128952026367188e+01
5.302413702011108398e-01
3.830094933509826660e-01
4.055340886116027832e-01
1.204794049263000488e-01
3.528911471366882324e-01
1.261318206787109375e+00
4.836547241210937500e+02
6.188265228271484375e+01
1.362829096615314484e-02
4.373584315180778503e-02
4.563441276550292969e+00
2.759306132793426514e-01
1.985763192176818848e+00
4.345278441905975342e-02
6.314244121313095093e-02
8.268214225769042969e+00
5.670827388763427734e+00
4.676913738250732422e+00
3.804306745529174805e+00
7.569978332519531250e+01
4.040883064270019531e+00
9.145778198242187500e+02
1.066118702292442322e-01
1.167888417840003967e-01
1.734659790992736816e+00
4.959495067596435547e-01
1.181208968162536621e+00
2.176908999681472778e-01
1.065482273697853088e-01
2.564747072756290436e-02
1.496733427047729492e-01
1.306052953004837036e-01
1.020503997802734375e+01
3.985489308834075928e-01
4.757334899902343750e+01
1.007697805762290955e-01
4.936413574218750000e+01
7.445271492004394531e+00
1.825149059295654297e-01
7.522585391998291016e-01
1.914532482624053955e-01
1.670291870832443237e-01
4.390268325805664062e-01
4.317407989501953125e+01
2.126875370740890503e-01
3.630322962999343872e-02
8.436853289604187012e-01
8.621643676757812500e+02
6.535036116838455200e-02
1.003087982535362244e-01
7.655442810058593750e+01
1.115375757217407227e+00
3.441000282764434814e-01
2.648239135742187500e-01
3.205199539661407471e-02
1.928788423538208008e-01
6.295510530471801758e-01
3.473890781402587891e+00
6.068173646926879883e-01
5.216492843627929688e+01
3.729391992092132568e-01
5.862015485763549805e-01
5.537541955709457397e-02
5.204574018716812134e-02
3.629203140735626221e-01
2.481008023023605347e-01
6.374862670898437500e+01
3.279915452003479004e-02
9.987088441848754883e-01
4.116955280303955078e+00
5.823177844285964966e-02
1.348275244235992432e-01
9.438343346118927002e-02
1.494229316711425781e+00
1.202802062034606934e+00
2.427136993408203125e+02
4.260135293006896973e-01
3.396320343017578125e-01
4.176547005772590637e-02
2.134852670133113861e-02
6.065486526489257812e+01
2.723560929298400879e-01
2.648623585700988770e-01
1.324568969726562500e+03
5.639582061767578125e+01
3.224111199378967285e-01
6.009501218795776367e-02
4.772581100463867188e+01
4.525101929903030396e-02
2.434623241424560547e-01
8.936101913452148438e+00
1.703693542480468750e+02
3.703958511352539062e+00
3.139977529644966125e-02
1.021203308105468750e+03
5.217644691467285156e+00
1.330976337194442749e-01
9.646705322265625000e+02
7.745040893554687500e+01
9.909173965454101562e+00
1.408307105302810669e-01
3.186825561523437500e+01
1.080219345092773438e+02
2.318173885345458984e+00
4.925402069091796875e+01
1.788564622402191162e-01
2.599972724914550781e+00
1.233035087585449219e+00
1.198735013604164124e-01
1.385832130908966064e-01
2.366517543792724609e+00
2.719466686248779297e+00
2.410622835159301758e-01
2.606776654720306396e-01
3.901864588260650635e-02
3.676216888427734375e+01
9.587825536727905273e-01
1.045992150902748108e-01
4.261722564697265625e-01
2.787467837333679199e-01
1.620834732055664062e+01
3.442053794860839844e-01
3.908936977386474609e+00
1.749884605407714844e+00
3.921018838882446289e-01
2.717100679874420166e-01
1.344584822654724121e-01
2.129436731338500977e-01
3.689033985137939453e+00
2.123736888170242310e-01
2.535890042781829834e-01
1.325094938278198242e+00
1.311374157667160034e-01
5.116938799619674683e-02
1.226455420255661011e-01
8.797281646728515625e+01
3.185946494340896606e-02
5.990377664566040039e-01
5.125460028648376465e-02
9.258392333984375000e+01
1.283764243125915527e+00
1.182736530900001526e-01
1.807462692260742188e+00
2.880452275276184082e-01
3.239381790161132812e+00
6.978162841796875000e+02
2.652833461761474609e-01
3.399778530001640320e-02
1.682870483398437500e+01
6.504266357421875000e+01
1.430986821651458740e-01
5.092011690139770508e-01
1.509689986705780029e-01
9.687454223632812500e+01
3.102186620235443115e-01
1.419786214828491211e-01
3.262458443641662598e-01
2.184257470071315765e-02
8.958294242620468140e-02
1.103825092315673828e+01
2.359128723144531250e+02
1.972869336605072021e-01
8.616903424263000488e-02
5.285056680440902710e-02
9.580208659172058105e-01
2.939333021640777588e-01
8.127579092979431152e-02
7.905770301818847656e+00
6.788074970245361328e-02
1.173453140258789062e+02
1.512551605701446533e-01
4.192561209201812744e-01
1.537376083433628082e-02
2.094787806272506714e-01
1.734254062175750732e-01
1.927136535644531250e+02
1.421105116605758667e-01
2.080334424972534180e-01
1.314685642719268799e-01
2.585090994834899902e-01
5.282315611839294434e-01
2.252142690122127533e-02
1.724111661314964294e-02
7.993119812011718750e+01
7.324699096679687500e+02
1.830743408203125000e+01
2.746828651428222656e+01
7.328937377929687500e+02
9.903593361377716064e-02
2.725355327129364014e-01
1.083926558494567871e+00
3.360486924648284912e-01
2.982125878334045410e-01
6.730161309242248535e-01
9.076563715934753418e-01
1.087661385536193848e-01
2.627884745597839355e-01
4.255594787597656250e+02
5.973846316337585449e-01
4.869420528411865234e-01
1.717498302459716797e-01
8.061703443527221680e-01
1.984925460815429688e+01
2.254800319671630859e+00
1.695617139339447021e-01
1.378948837518692017e-01
7.429040968418121338e-02
1.327028423547744751e-01
5.023034811019897461e-01
9.451121836900711060e-02
1.291634399414062500e+03
8.117884397506713867e-02
4.637532234191894531e+00
3.775880432128906250e+01
1.032340303063392639e-01
7.038987731933593750e+01
7.548006772994995117e-01
4.250201955437660217e-02
6.324187011718750000e+02
6.946533918380737305e-01
1.367123574018478394e-01
2.661597061157226562e+01
8.269104361534118652e-02
1.668292731046676636e-01
2.197105026245117188e+01
7.538895308971405029e-02
2.235775887966156006e-01
1.581853777170181274e-01
1.146379932761192322e-01
2.075749635696411133e-01
2.560222707688808441e-02
5.801668090820312500e+02
2.250865846872329712e-02
1.418237239122390747e-01
2.277919091284275055e-02
1.519169062376022339e-01
7.832921147346496582e-01
3.780677542090415955e-02
1.844716817140579224e-01
9.318382568359375000e+02
4.122392535209655762e-01
1.676574200391769409e-01
4.661525878906250000e+02
5.515181732177734375e+01
2.856369316577911377e-01
9.857381582260131836e-01
7.216327637434005737e-02
3.208163753151893616e-02
3.171628415584564209e-01
1.433984339237213135e-01
4.218747019767761230e-01
3.627027869224548340e-01
7.714278995990753174e-03
8.239366114139556885e-02
3.005465269088745117e-01
1.691378057003021240e-01
6.097184866666793823e-02
1.682472656250000000e+03
2.423939257860183716e-01
3.400524258613586426e-01
6.778072118759155273e-01
3.160514533519744873e-01
1.592383533716201782e-01
1.774263000488281250e+02
1.858001947402954102e-01
1.694064438343048096e-01
3.337352871894836426e-01
6.031118705868721008e-02
2.593925967812538147e-02
9.207294881343841553e-02
4.743126831054687500e+02
6.289304351806640625e+01
4.861552268266677856e-02
7.158758044242858887e-01
1.553718298673629761e-01
2.872440528869628906e+01
2.078173458576202393e-01
1.613853126764297485e-01
2.249839305877685547e+00
3.725205659866333008e-01
8.284852981567382812e+00
6.936154937744140625e+01
6.833119201660156250e+01
8.109331130981445312e-01
1.353812932968139648e+00
2.492840576171875000e+01
3.100500106811523438e-01
9.993790090084075928e-02
1.826425492763519287e-01
1.063050537109375000e+03
6.937912940979003906e+00
1.326423138380050659e-01
2.116431668400764465e-02
8.528916165232658386e-03
4.147374033927917480e-01
6.326629161834716797e+00
3.406747430562973022e-02
1.870684862136840820e+00
3.417909741401672363e-01
2.256159037351608276e-01
2.490613013505935669e-01
4.095018655061721802e-02
1.374307870864868164e-01
2.412399053573608398e+00
6.397019326686859131e-02
4.221241921186447144e-02
1.056252717971801758e+00
1.382666230201721191e-01
1.203168630599975586e+00
7.589827775955200195e-01
2.357570800781250000e+02
1.716075837612152100e-01
7.191896438598632812e-01
8.925685119628906250e+01
3.915861248970031738e-01
1.522140350341796875e+02
2.413204312324523926e-02
5.675034597516059875e-02
6.052502244710922241e-02
1.803645730018615723e+00
6.033405065536499023e-01
1.116102416992187500e+03
2.032992362976074219e+00
1.311238288879394531e+00
2.005025446414947510e-01
1.160624384880065918e+00
7.951695251464843750e+01
4.939858627319335938e+01
2.347315102815628052e-01
1.106002554297447205e-01
9.616080671548843384e-02
5.320292472839355469e+00
1.588571453094482422e+01
7.840119004249572754e-01
1.539031714200973511e-01
2.884812951087951660e-01
1.676094383001327515e-01
8.949070739746093750e+01
1.989229619503021240e-01
1.102809328585863113e-02
1.424893587827682495e-01
5.954343676567077637e-01
6.605746459960937500e+02
2.438704252243041992e+00
2.145348340272903442e-01
4.346042871475219727e-02
8.194388449192047119e-02
7.978818565607070923e-02
1.118956655263900757e-01
1.266398727893829346e-01
1.461069565266370773e-02
4.524611681699752808e-02
1.540499776601791382e-01
2.962689781188964844e+01
9.623979777097702026e-02
8.431518673896789551e-01
2.451303005218505859e-01
2.997313439846038818e-01
1.257033795118331909e-01
2.550512390136718750e+02
1.438837200403213501e-01
2.800306677818298340e-01
6.372558474540710449e-01
1.923956125974655151e-01
4.828289151191711426e-01
1.944531053304672241e-01
7.561087646484375000e+02
4.529730603098869324e-02
4.692254662513732910e-01
1.847822591662406921e-02
4.712676405906677246e-01
5.314601585268974304e-02
1.826555938720703125e+02
7.476004213094711304e-02
6.937846679687500000e+02
4.322978109121322632e-02
9.775245971679687500e+02
1.040163487195968628e-01
5.125398635864257812e+01
4.356645047664642334e-01
1.163694411516189575e-01
7.213288545608520508e-01
2.810896933078765869e-01
4.714727997779846191e-01
2.527691364288330078e+00
1.219495105743408203e+01
2.259005047380924225e-02
9.026886522769927979e-02
8.027058839797973633e-01
3.582979583740234375e+01
8.809921890497207642e-02
2.130901515483856201e-01
1.055461525917053223e+00
1.583662070333957672e-02
2.211248874664306641e+00
7.167558288574218750e+01
4.962024688720703125e-01
2.685388326644897461e-01
7.501593017578125000e+01
1.556486845016479492e+00
9.316790103912353516e-02
9.722534179687500000e+02
8.252880859375000000e+01
3.484381437301635742e+00
2.899666689336299896e-02
5.102050304412841797e-01
1.361210495233535767e-01
2.440532743930816650e-01
9.241797447204589844e+00
5.313112735748291016e-01
3.916313052177429199e-01
1.650619208812713623e-01
3.059367656707763672e+00
4.504754543304443359e+00
1.822630615234375000e+02
5.301792547106742859e-02
9.767290204763412476e-02
5.113202929496765137e-01
1.895717978477478027e+00
6.869419097900390625e+01
1.730520057678222656e+01
6.452570343017578125e+01
3.248391342163085938e+01
1.097581535577774048e-01
7.531501650810241699e-01
5.017100647091865540e-02
1.945357583463191986e-02
1.518886256963014603e-02
7.707692682743072510e-02
1.845442810058593750e+02
4.814479947090148926e-01
8.075221627950668335e-02
1.545089111328125000e+02
1.649564552307128906e+01
4.816469192504882812e+01
3.192831873893737793e-01
1.792793720960617065e-01
7.919548950195312500e+02
2.993968200683593750e+01
6.714203491210937500e+02
2.092883586883544922e-01
1.142182540893554688e+01
2.008544206619262695e-01
5.804021453857421875e+01
3.984624147415161133e-02
2.825494408607482910e-01
3.710260868072509766e+00
1.197858095169067383e+00
1.109941787719726562e+02
5.775363922119140625e+00
1.078259944915771484e-01
1.044185757637023926e-01
2.483603209257125854e-01
1.709141433238983154e-01
9.480432271957397461e-01
1.407014578580856323e-01
7.642782592773437500e+01
1.422484368085861206e-01
2.396231330931186676e-02
1.586466550827026367e+00
4.905722290277481079e-02
3.554136455059051514e-01
2.675243759155273438e+01
7.443251132965087891e+00
7.890734821557998657e-02
5.667284011840820312e+01
6.957534700632095337e-02
1.431875824928283691e+00
3.286284484863281250e+02
2.837012939453125000e+02
2.733030617237091064e-01
8.521879315376281738e-01
6.506007909774780273e-01
5.963750928640365601e-02
1.636208593845367432e-01
7.553134858608245850e-02
3.716469556093215942e-02
3.967097091674804688e+01
1.223282441496849060e-01
2.452129125595092773e-01
5.699856951832771301e-02
5.164640426635742188e+01
4.308695793151855469e+00
4.098752975463867188e+01
1.615538299083709717e-01
1.709868469238281250e+02
1.392919421195983887e-01
3.900562971830368042e-02
6.373099982738494873e-02
1.396329975128173828e+01
1.055077791213989258e+00
6.319761276245117188e-01
3.391683995723724365e-01
1.124194264411926270e-01
3.297104313969612122e-02
3.382057189941406250e+00
1.283968240022659302e-01
8.180831074714660645e-01
1.317752227783203125e+02
6.314080953598022461e-01
5.642549321055412292e-02
6.761176139116287231e-02
6.454973144531250000e+02
5.477592349052429199e-02
7.153450846672058105e-01
1.844169006347656250e+02
1.222951188683509827e-01
1.283381080627441406e+01
3.422112464904785156e-01
3.313625752925872803e-01
7.132714241743087769e-02
9.282343089580535889e-02
9.605814218521118164e-01
8.481052517890930176e-01
1.015225172042846680e+00
1.974730789661407471e-01
6.687233597040176392e-02
1.239909553527832031e+01
7.028506994247436523e-01
4.665151536464691162e-01
1.035838127136230469e-01
2.557045780122280121e-02
5.305213332176208496e-01
1.316846907138824463e-01
1.063857841491699219e+01
1.315553188323974609e-01
1.649088621139526367e+00
2.945420145988464355e-01
1.605322647094726562e+01
2.760966680943965912e-02
7.655121386051177979e-02
2.602198123931884766e-01
1.727580642700195312e+01
2.148483693599700928e-01
1.513530313968658447e-01
7.807840824127197266e+00
9.997013211250305176e-01
1.656442582607269287e-01
4.879510998725891113e-01
2.983053959906101227e-02
3.708115100860595703e+00
1.324510931968688965e+00
3.225897848606109619e-01
4.531405866146087646e-01
6.400519609451293945e-02
5.255621671676635742e-01
2.210681885480880737e-01
3.098055720329284668e-02
1.074975013732910156e+01
2.241914719343185425e-02
9.447399139404296875e+00
4.958063736557960510e-02
1.535800397396087646e-01
1.368806915283203125e+02
1.864330172538757324e-01
1.552967280149459839e-01
2.170467749238014221e-02
1.240494842529296875e+02
2.186902016401290894e-01
5.435010194778442383e-01
8.213899230957031250e+01
2.758922278881072998e-01
2.898438870906829834e-01
3.952746391296386719e-01
2.446977347135543823e-01
9.226517379283905029e-02
4.536055400967597961e-02
8.369351959228515625e+01
9.627191424369812012e-01
1.112413787841796875e+02
7.081408053636550903e-02
5.983416363596916199e-02
7.439142608642578125e+01
6.021792814135551453e-02
9.506349182128906250e+01
8.950408697128295898e-01
1.541042968750000000e+03
1.880649104714393616e-02
3.215290606021881104e-01
2.935473060607910156e+01
2.146029968261718750e+02
1.367068141698837280e-01
6.588277816772460938e-01
5.430667114257812500e+02
1.788207292556762695e+00
5.640403032302856445e-01
4.071031510829925537e-01
8.249482512474060059e-02
3.335579633712768555e-01
6.006691932678222656e+00
1.014095544815063477e-01
2.599528729915618896e-01
7.019950866699218750e+00
9.295493364334106445e-02
7.234679162502288818e-02
1.260366668701171875e+02
3.846308290958404541e-01
1.413791775703430176e-01
3.514918684959411621e-01
5.720116570591926575e-02
3.121408462524414062e+01
5.457253265380859375e+01
2.705109558105468750e+02
1.509939432144165039e-01
1.653960496187210083e-01
4.489349842071533203e+00
4.134132713079452515e-02
1.317372798919677734e+00
8.979264068603515625e+01
2.730840682983398438e+00
4.272148609161376953e-01
5.131921291351318359e+00
1.263886988162994385e-01
5.064121633768081665e-02
1.026919603347778320e+00
7.184140777587890625e+01
3.906085342168807983e-02
2.146458435058593750e+02
1.584872603416442871e-01
7.359563112258911133e-01
1.422488927841186523e+00
1.747978806495666504e+00
1.741223037242889404e-01
4.419313049316406250e+02
1.005389160156250000e+03
3.773551177978515625e+01
3.088131713867187500e+02
4.227705478668212891e+00
6.432139587402343750e+01
1.051010847091674805e+00
1.318544447422027588e-01
8.924394989013671875e+01
1.685091108083724976e-01
7.374220581054687500e+02
1.969809532165527344e+00
1.907021105289459229e-01
2.367104217410087585e-02
3.334263861179351807e-01
3.247297406196594238e-01
2.335098743438720703e+00
1.912406384944915771e-01
4.559795856475830078e+00
1.858012378215789795e-02
1.031844735145568848e+00
2.671491861343383789e+00
7.989434897899627686e-02
1.250018835067749023e+00
7.638584822416305542e-02
9.266403317451477051e-01
4.736318588256835938e-01
1.678113341331481934e-01
1.775337159633636475e-01
1.027993410825729370e-01
3.539162129163742065e-02
4.664520174264907837e-02
1.287552416324615479e-01
7.812177734375000000e+02
6.669868528842926025e-02
6.870243835449218750e+01
8.772172033786773682e-02
1.395709663629531860e-01
2.019627094268798828e-01
1.877836734056472778e-01
9.033197021484375000e+01
3.325813412666320801e-01
2.087165787816047668e-02
7.572814077138900757e-02
7.568469238281250000e+02
1.198164671659469604e-01
1.253577828407287598e+00
3.560712337493896484e-01
8.833531494140625000e+02
6.351630389690399170e-02
8.049162597656250000e+02
4.262121582031250000e+02
8.283451199531555176e-02
5.893818283081054688e+01
7.179417461156845093e-02
8.423205465078353882e-02
6.629732996225357056e-02
4.489883780479431152e-02
2.525405287742614746e-01
8.224947750568389893e-02
2.472017705440521240e-01
3.624184570312500000e+02
4.226974397897720337e-02
4.645615220069885254e-01
2.859877347946166992e-01
2.011874914169311523e-01
1.207925230264663696e-01
6.575702875852584839e-02
6.604380798339843750e+01
5.455157905817031860e-02
5.540806651115417480e-01
2.491850280761718750e+02
6.089789420366287231e-02
9.380894899368286133e-02
2.301942110061645508e-01
6.114548444747924805e-02
4.743402862548828125e+01
6.147789306640625000e+02
1.297754406929016113e+00
1.808576658368110657e-02
9.734536707401275635e-02
4.301167602539062500e+02
7.535224407911300659e-02
1.441212892532348633e-01
1.411906182765960693e-01
1.364126503467559814e-01
5.403891754150390625e+01
8.621618151664733887e-01
2.605105161666870117e+00
9.979433059692382812e+00
4.051194381713867188e+01
6.544037163257598877e-02
2.288393497467041016e+00
4.027849808335304260e-02
5.113507062196731567e-02
3.516396507620811462e-02
9.488903999328613281e+00
3.783937990665435791e-01
7.739918518066406250e+01
8.082275390625000000e+02
1.917912662029266357e-01
2.123459339141845703e+00
4.399603009223937988e-01
2.461124658584594727e-01
7.305733114480972290e-02
5.145217105746269226e-02
7.283286750316619873e-02
6.071564555168151855e-01
1.647980064153671265e-01
1.296256422996520996e+00
7.233555603027343750e+01
1.087143570184707642e-01
4.667472094297409058e-02
7.774309068918228149e-02
6.062678146362304688e+01
4.225508868694305420e-02
2.182066738605499268e-01
7.665293884277343750e+01
1.064030677080154419e-01
1.259089261293411255e-01
1.100792169570922852e+00
3.664055252075195312e+01
3.552930429577827454e-02
5.781714245676994324e-02
6.090115904808044434e-01
2.461082488298416138e-02
2.771626785397529602e-02
2.095276862382888794e-01
3.316819965839385986e-01
3.255109190940856934e-01
5.656195282936096191e-01
5.250646919012069702e-02
6.209384277462959290e-02
5.575268715620040894e-02
1.631436645984649658e-01
6.789492070674896240e-02
6.430159509181976318e-02
1.261800229549407959e-01
2.098863013088703156e-02
1.144319921731948853e-01
3.497300446033477783e-01
1.181699484586715698e-01
4.596604034304618835e-02
9.401357918977737427e-02
4.572297632694244385e-01
2.752503752708435059e-01
7.412035018205642700e-02
1.115381494164466858e-01
1.188249588012695312e+00
3.852281868457794189e-01
6.942521035671234131e-02
3.882106021046638489e-02
1.287369709461927414e-02
4.537619113922119141e+00
4.665733277797698975e-01
6.083094406127929688e+01
2.224400267004966736e-02
5.922172218561172485e-02
8.523889780044555664e-01
8.137315750122070312e+00
5.759217590093612671e-02
1.562103509902954102e+00
7.729569435119628906e+00
3.202650547027587891e-01
1.030497178435325623e-01
2.657093107700347900e-01
3.591359034180641174e-02
7.455442100763320923e-02
2.058195173740386963e-01
4.684648513793945312e-01
9.439215064048767090e-02
5.946788787841796875e-01
6.763298809528350830e-02
5.112407356500625610e-02
1.371179809570312500e+02
1.956626325845718384e-01
1.854364126920700073e-01
4.346537590026855469e-01
1.366478919982910156e+00
4.914153516292572021e-01
3.659766435623168945e+00
1.569861620664596558e-01
1.399705111980438232e-01
5.150225013494491577e-02
6.524718403816223145e-01
9.170840680599212646e-02
7.203824615478515625e+01
5.947128683328628540e-02
6.646339416503906250e+00
3.267696499824523926e-01
1.373592168092727661e-01
5.960826948285102844e-02
2.212217102050781250e+02
6.875677490234375000e+01
1.260482370853424072e-01
5.060958862304687500e-02
5.951281189918518066e-01
4.269598796963691711e-02
3.174127042293548584e-01
1.994345039129257202e-01
4.681566238403320312e+01
4.734827205538749695e-02
9.161975234746932983e-02
1.205815672874450684e-01
8.318693161010742188e+00
5.203251913189888000e-02
5.550514534115791321e-02
7.964976131916046143e-02
7.633400726318359375e+01
5.317820310592651367e-01
1.660344362258911133e+00
1.477829962968826294e-01
2.186473906040191650e-01
2.947331592440605164e-02
2.022582292556762695e-01
3.926664733886718750e+02
5.885253906250000000e+00
5.360283813476562500e+02
3.028856217861175537e-01
6.935842037200927734e+00
5.825376510620117188e-01
1.463379561901092529e-01
7.060305774211883545e-02
5.295510101318359375e+01
1.666598021984100342e-01
7.314738631248474121e-02
3.532571345567703247e-02
1.679088473320007324e-01
4.665669918060302734e+00
6.979476928710937500e+01
3.250409364700317383e-01
1.332268920898437500e+03
1.872302293777465820e-01
6.902295351028442383e-02
3.655203059315681458e-02
5.246117711067199707e-01
1.675108522176742554e-01
9.059830754995346069e-02
4.077609479427337646e-01
1.313716322183609009e-01
9.474369049072265625e+01
7.819706201553344727e-02
9.067329406738281250e+00
7.441688776016235352e-01
8.517709960937500000e+02
5.919634550809860229e-02
4.992722719907760620e-02
1.692690849304199219e-01
8.868914794921875000e+01
7.131678462028503418e-01
1.392560601234436035e+00
2.565568089485168457e-01
1.021700317382812500e+03
2.357324218750000000e+02
4.026897996664047241e-02
2.425611913204193115e-01
2.069680633544921875e+02
1.727980017662048340e+00
9.679110646247863770e-01
1.456941485404968262e+00
1.303816795349121094e+00
2.750054597854614258e+00
1.795414352416992188e+01
1.135269737243652344e+01
6.493609398603439331e-02
5.969559550285339355e-01
1.151761651039123535e+00
1.985621899366378784e-01
1.435533761978149414e+00
7.496304321289062500e+01
2.127140387892723083e-02
1.988152414560317993e-01
3.265590515136718750e+02
7.814585113525390625e+01
8.311174064874649048e-02
1.007097214460372925e-01
9.818856811523437500e+01
1.988903880119323730e-01
4.405257105827331543e-01
2.358382797241210938e+01
2.253830805420875549e-02
2.489484660327434540e-02
1.940744161605834961e+00
4.442767053842544556e-02
1.720779202878475189e-02
7.336597889661788940e-02
3.198744058609008789e+00
2.921411991119384766e-01
9.029832668602466583e-03
8.496950566768646240e-02
5.241600871086120605e-01
1.374935150146484375e+00
3.553885817527770996e-01
1.482666373252868652e+00
1.017263793945312500e+01
1.974209994077682495e-01
8.004313659667968750e+01
1.175458431243896484e+00
2.383194416761398315e-01
