8.425186767578125000e+02
9.205112457275390625e-01
7.457294921875000000e+02
4.539620208740234375e+01
4.396761894226074219e+00
2.618306636810302734e+00
9.913105010986328125e+01
7.285948276519775391e+00
5.180817413330078125e+01
4.152173995971679688e+01
2.379641085863113403e-01
4.073428511619567871e-01
1.639538002014160156e+01
1.868307876586914062e+01
1.623604595661163330e-01
2.051646423339843750e+02
2.346903085708618164e+00
4.330554962158203125e+01
8.025749325752258301e-01
2.088886737823486328e+00
3.575094342231750488e-01
2.386826753616333008e+00
4.521155395507812500e+02
3.810486450195312500e+02
1.554871201515197754e+00
3.478445708751678467e-01
4.523632812500000000e+01
9.635943412780761719e+00
8.369190216064453125e+00
3.437544703483581543e-01
4.349553585052490234e-01
9.337616729736328125e+01
4.491999745368957520e-01
1.657060813903808594e+01
1.217274218797683716e-01
1.016967415809631348e+00
5.989013671875000000e+00
4.274403572082519531e+00
5.929292440414428711e-01
1.346300048828125000e+03
8.883476257324218750e-01
1.410052537918090820e+00
2.650041580200195312e-01
1.253709869384765625e+02
3.820864915847778320e+00
5.341404080390930176e-01
4.287383079528808594e+00
2.627027511596679688e+00
7.880851745605468750e+01
5.977969244122505188e-02
3.152959346771240234e-01
3.553284108638763428e-01
1.509850382804870605e+00
3.102944493293762207e-01
2.094784259796142578e+00
2.831589460372924805e+00
3.926176428794860840e-01
8.188676089048385620e-02
3.406832814216613770e-01
4.370650649070739746e-01
1.497145146131515503e-01
6.749381870031356812e-02
8.140568435192108154e-02
6.648360192775726318e-02
2.295241057872772217e-01
4.842220246791839600e-01
6.901907444000244141e+00
8.395333588123321533e-02
6.051292270421981812e-02
1.208354263305664062e+02
7.811848819255828857e-02
1.787203252315521240e-01
7.640718841552734375e+01
4.125983238220214844e+00
5.150499267578125000e+02
1.719931411743164062e+01
1.115862488746643066e+00
5.937313079833984375e+00
1.588501691818237305e+00
2.847268581390380859e-01
1.171885728836059570e+00
1.061107367277145386e-01
6.477388763427734375e+01
2.525076675415039062e+01
6.561261177062988281e+00
3.195777535438537598e-01
5.238406181335449219e+00
1.092900872230529785e+00
2.826531028747558594e+01
2.271557301282882690e-01
4.756489181518554688e+01
9.449015502929687500e+02
1.908617401123046875e+01
3.039422631263732910e-02
4.610633850097656250e+02
4.453854980468750000e+02
1.767023503780364990e-01
1.622511446475982666e-01
9.062136411666870117e-01
1.142745763063430786e-01
4.560346007347106934e-01
5.867564697265625000e+02
1.004277691245079041e-01
2.330342084169387817e-01
3.879507184028625488e-01
2.767578139901161194e-02
7.459621131420135498e-02
1.937774717807769775e-01
4.330225884914398193e-01
2.168016910552978516e+00
9.073105468750000000e+02
9.656866073608398438e+00
3.249215781688690186e-01
7.258057594299316406e-01
3.653251007199287415e-02
9.325119018554687500e+00
7.336913049221038818e-02
8.372968673706054688e+00
1.379903078079223633e+00
1.240958251953125000e+03
1.255416154861450195e+00
4.988067224621772766e-02
1.500075161457061768e-01
5.321722412109375000e+02
7.094774723052978516e+00
7.276902347803115845e-02
1.158896684646606445e-01
8.332779258489608765e-02
4.441177248954772949e-01
4.182850569486618042e-02
3.596127927303314209e-01
9.896542429924011230e-01
6.031974554061889648e-01
3.098762817382812500e+02
1.070159316062927246e+00
1.988669157028198242e+00
6.805723905563354492e-02
1.030799895524978638e-01
7.174256896972656250e+01
8.860318362712860107e-02
3.790656924247741699e-01
1.774954348802566528e-01
1.481859982013702393e-01
2.156763970851898193e-01
1.167344093322753906e+00
2.344824373722076416e-01
7.890933156013488770e-01
8.795668482780456543e-01
6.309854984283447266e-01
3.467534482479095459e-01
1.086552143096923828e-01
4.239218235015869141e-01
8.726927042007446289e-01
1.786837339401245117e+00
6.561876535415649414e-01
3.525980529785156250e+02
3.244899034500122070e+00
8.752479553222656250e-01
2.489027567207813263e-02
5.495496273040771484e+00
2.563771903514862061e-01
4.708707809448242188e+01
4.305411875247955322e-01
4.011349678039550781e-01
1.852133572101593018e-01
9.578496813774108887e-01
1.192574119567871094e+01
4.925752162933349609e+00
3.073981776833534241e-02
6.097053289413452148e-01
1.515737533569335938e+00
1.421483885496854782e-02
7.123480737209320068e-02
1.101614236831665039e-01
1.617590636014938354e-01
1.315101776123046875e+02
3.339724779129028320e+00
4.273891448974609375e+00
8.606703579425811768e-02
5.225661087036132812e+01
7.605490833520889282e-02
1.150869628906250000e+03
1.508690975606441498e-02
1.818078422546386719e+01
9.839387983083724976e-02
4.421703144907951355e-02
4.163746908307075500e-02
6.557558441162109375e+01
1.821556985378265381e-01
2.677614055573940277e-02
3.858962655067443848e-02
4.858942794799804688e+01
3.349539041519165039e-01
2.051065862178802490e-01
2.373793363571166992e+00
2.415015697479248047e-01
1.192247543334960938e+02
6.298550128936767578e+00
1.291852951049804688e+00
9.171871185302734375e+01
3.906913452148437500e+02
6.087093427777290344e-02
9.508770704269409180e-02
2.576127648353576660e-01
7.029845565557479858e-02
2.617237567901611328e-01
5.214856192469596863e-02
4.931692600250244141e+00
2.061889469623565674e-01
3.309640660881996155e-02
8.669304847717285156e-01
1.102644577622413635e-01
3.576866149902343750e+00
6.139028668403625488e-01
2.120506316423416138e-01
1.292126178741455078e-01
5.721861572265625000e+02
2.934624195098876953e+00
9.133984893560409546e-02
1.424754559993743896e-01
2.173924827575683594e+01
1.634954512119293213e-01
2.487709820270538330e-01
3.520640730857849121e-01
2.161997258663177490e-01
1.905205994844436646e-01
1.776650786399841309e+00
3.531510114669799805e+00
1.357898265123367310e-01
1.772964894771575928e-01
3.542190551757812500e+00
7.623097229003906250e+01
2.484640106558799744e-02
8.477416229248046875e+01
1.187167391180992126e-01
7.322682440280914307e-02
1.291025578975677490e-01
1.615958251953125000e+02
6.216116333007812500e+01
3.505655229091644287e-01
1.440631151199340820e-01
4.145103394985198975e-01
1.286458373069763184e-01
9.370188903808593750e+01
8.570896983146667480e-01
8.210092163085937500e+01
1.134678721427917480e-01
2.321912944316864014e-01
4.756497442722320557e-01
3.683658316731452942e-02
3.741042327880859375e+01
3.829792737960815430e-01
5.002389475703239441e-02
5.042719841003417969e-01
1.184428811073303223e+00
9.213729202747344971e-02
6.954021751880645752e-02
2.519611716270446777e-01
7.518319606781005859e+00
5.223292857408523560e-02
2.521972358226776123e-01
2.488209009170532227e-01
2.682868540287017822e-01
4.779847562313079834e-01
1.287543892860412598e+00
6.855075955390930176e-01
6.898941040039062500e+00
6.939781188964843750e+00
1.532889962196350098e+00
9.475947916507720947e-02
1.998761291503906250e+02
7.555460184812545776e-02
4.748487091064453125e+01
1.113684624433517456e-01
2.117731869220733643e-01
3.956864774227142334e-01
6.845353698730468750e+01
1.311859637498855591e-01
1.392839699983596802e-01
2.896111249923706055e+00
1.660952270030975342e-01
3.169305086135864258e+00
1.575351595878601074e+00
6.812314605712890625e+01
1.650847941637039185e-01
1.389397907257080078e+01
3.958058929443359375e+01
6.575437188148498535e-01
1.787469536066055298e-01
7.519615888595581055e-01
7.055889070034027100e-02
5.647259205579757690e-02
1.218407005071640015e-01
7.772966003417968750e+01
1.907056868076324463e-01
3.571777939796447754e-01
4.498690795898437500e+01
3.617016673088073730e-01
9.591423273086547852e-01
1.145079374313354492e+00
3.401347994804382324e-02
8.415360450744628906e-01
1.133565157651901245e-01
1.248721033334732056e-01
5.083538219332695007e-02
6.860898137092590332e-01
3.085404038429260254e-01
6.864725798368453979e-02
1.080637573242187500e+03
1.409108340740203857e-01
1.740632355213165283e-01
1.682580709457397461e+00
1.626043915748596191e+00
1.504967510700225830e-01
1.531652808189392090e-01
6.490007781982421875e+01
1.749053224921226501e-02
3.789979815483093262e-01
1.301425537109375000e+03
2.800711989402770996e-02
2.469826862215995789e-02
6.654114379882812500e+02
4.502457976341247559e-01
7.250167429447174072e-02
1.273992776870727539e+00
1.012310791015625000e+02
1.825185716152191162e-01
4.548862949013710022e-02
2.145634144544601440e-01
1.362419843673706055e+00
1.734327524900436401e-02
3.980071544647216797e+00
6.683378666639328003e-02
1.691591739654541016e-01
5.420783162117004395e-02
1.718528009951114655e-02
3.414471745491027832e-01
9.490780532360076904e-02
1.306418061256408691e+00
2.224349081516265869e-01
1.425957794189453125e+02
1.927441787719726562e+01
5.547987222671508789e-01
4.078473091125488281e+00
2.559379339218139648e-01
1.748135387897491455e-01
2.975966036319732666e-01
2.554347515106201172e-01
2.423219299316406250e+01
3.381052613258361816e-01
3.006888961791992188e+01
1.316288113594055176e-01
8.498050570487976074e-01
3.838844597339630127e-02
3.223856985569000244e-01
7.702126353979110718e-02
2.407630205154418945e+00
1.576503813266754150e-01
1.979750096797943115e-01
8.745077848434448242e-01
3.007527828216552734e+00
1.181055679917335510e-01
1.052405595779418945e+00
9.429425746202468872e-02
6.809017181396484375e+01
1.980161666870117188e-01
2.345528841018676758e+00
1.614412814378738403e-01
2.591101684570312500e+02
4.547875374555587769e-02
2.800962924957275391e-01
5.622731521725654602e-02
2.945623779296875000e+01
3.689974212646484375e+01
7.313278317451477051e-01
5.339714288711547852e-01
1.118112921714782715e+00
1.484345644712448120e-01
6.401516199111938477e-01
1.060891747474670410e-01
3.655297160148620605e-01
9.253255128860473633e-01
1.655535697937011719e-01
2.372557371854782104e-01
5.539698028564453125e+01
5.574748992919921875e+01
8.254523575305938721e-02
3.580712527036666870e-02
1.504626590758562088e-02
1.517792463302612305e+00
3.393677139282226562e+01
9.920271873474121094e+00
1.491388380527496338e-01
2.169033508300781250e+02
2.801844477653503418e-02
2.215887606143951416e-01
5.959715247154235840e-01
5.094411969184875488e-01
8.329708129167556763e-02
1.959762349724769592e-02
2.498854137957096100e-02
7.564987242221832275e-02
8.423426628112792969e+00
2.396139204502105713e-01
1.001077145338058472e-01
2.514109387993812561e-02
1.845919609069824219e+01
4.046930372714996338e-02
1.438235789537429810e-01
9.761257171630859375e-01
4.082136601209640503e-02
4.478565979003906250e+01
1.164847835898399353e-01
8.107103109359741211e-01
5.269703292846679688e+01
1.279895424842834473e+00
1.160942435264587402e+00
7.399181276559829712e-02
1.784007623791694641e-02
2.630432322621345520e-02
3.240369796752929688e+00
3.501728057861328125e+01
1.643026113510131836e+00
2.803161144256591797e-01
6.241536885499954224e-02
6.933301544189453125e+01
1.268042027950286865e-01
1.292867362499237061e-01
1.331162095069885254e+00
4.123813629150390625e+01
7.139184977859258652e-03
4.554042220115661621e-01
8.391551017761230469e+00
8.002533018589019775e-02
1.655529141426086426e-01
4.729111480712890625e+01
6.773707580566406250e+01
3.717253729701042175e-02
2.872344255447387695e-01
2.081301957368850708e-01
6.086975336074829102e-01
1.277635991573333740e-01
5.499659851193428040e-02
5.593644332885742188e+01
2.940931916236877441e-01
2.047348022460937500e+01
1.473187208175659180e+00
2.376893281936645508e+00
2.458592951297760010e-01
7.694956660270690918e-01
1.492758244276046753e-01
4.331650137901306152e-01
5.447570323944091797e+00
1.286104470491409302e-01
6.683690845966339111e-02
1.611791551113128662e-01
1.489743441343307495e-01
1.128164529800415039e+00
5.438179931640625000e+02
7.354782521724700928e-02
1.457241773605346680e+00
4.215030744671821594e-02
9.518507690429687500e+02
4.846559837460517883e-02
1.334722936153411865e-01
2.698080241680145264e-01
2.167607098817825317e-01
1.646167337894439697e-01
4.384001716971397400e-02
3.334495925903320312e+01
3.915945529937744141e+00
7.737880945205688477e-02
3.249243274331092834e-02
2.546234130859375000e-01
1.689363457262516022e-02
6.041373443603515625e+01
8.508343696594238281e-01
3.610479086637496948e-02
4.312607955932617188e+01
4.557431793212890625e+01
6.205111742019653320e-01
3.096396327018737793e-01
1.355253756046295166e-01
2.994148254394531250e+00
1.774323917925357819e-02
2.122710466384887695e+00
8.311471939086914062e+00
8.957511186599731445e-02
4.919414978027343750e+02
3.835995864868164062e+01
1.784285008907318115e-01
7.718031108379364014e-02
2.506997585296630859e-01
1.849434822797775269e-01
8.727520704269409180e-02
1.707078143954277039e-02
8.098741149902343750e+01
2.660118484497070312e+01
8.092861622571945190e-02
1.118826007843017578e+01
4.858391761779785156e+00
9.912612847983837128e-03
1.533243274688720703e+01
5.683016180992126465e-01
1.525865173339843750e+02
4.053169488906860352e-02
8.656460791826248169e-02
7.940193176269531250e+00
2.426245436072349548e-02
1.665071249008178711e-01
1.766256713867187500e+01
5.904814004898071289e-01
5.286224484443664551e-01
1.691348433494567871e+00
1.935404181480407715e+00
1.391410034179687500e+03
1.928207650780677795e-02
1.081656098365783691e+00
2.835479751229286194e-02
3.970781713724136353e-02
1.190067678689956665e-01
6.006984710693359375e+01
1.134841889142990112e-01
4.883829876780509949e-02
9.255723655223846436e-02
2.803130626678466797e+00
1.132507324218750000e-01
1.423008739948272705e-01
2.465815246105194092e-01
1.056908249855041504e+00
4.464538991451263428e-01
7.522559911012649536e-02
1.396765094250440598e-02
2.095422707498073578e-02
7.305339050292968750e+01
4.040690511465072632e-02
2.004012838006019592e-02
1.046470703125000000e+03
2.104115009307861328e+00
1.368454456329345703e+01
3.206591796875000000e+01
1.357225322723388672e+01
7.460384070873260498e-02
1.091737823486328125e+02
4.744267836213111877e-02
4.505529999732971191e-01
2.212076075375080109e-02
5.905323103070259094e-02
5.141333937644958496e-01
4.708631896972656250e+01
5.740677118301391602e-01
7.011220550537109375e+01
1.076354789733886719e+01
6.881741285324096680e-01
5.737553238868713379e-01
5.575882911682128906e+00
5.513991042971611023e-02
1.970953345298767090e-01
5.646911263465881348e-01
3.373715281486511230e-01
7.013724744319915771e-02
6.782816350460052490e-02
1.499548405408859253e-01
1.586331725120544434e+00
1.040109246969223022e-01
5.471396484375000000e+02
1.290869265794754028e-01
5.202313232421875000e+02
2.345900535583496094e-01
9.333167970180511475e-02
1.384830027818679810e-01
6.256648635864257812e+01
1.432919055223464966e-01
9.437169134616851807e-02
1.911137342453002930e+00
2.340022847056388855e-02
5.483350157737731934e-01
3.530741214752197266e+00
1.474531888961791992e+00
6.028308719396591187e-02
7.288377380371093750e+01
1.327052414417266846e-01
1.774844676256179810e-01
2.567196190357208252e-01
9.640658378601074219e+00
1.730237901210784912e-01
7.793196439743041992e-01
2.285779714584350586e-01
4.501069068908691406e+00
1.053476715087890625e+01
7.043206691741943359e-02
5.661408615112304688e+01
1.955440938472747803e-01
1.037398052215576172e+01
2.074610900878906250e+01
1.382117569446563721e-01
1.226102858781814575e-01
4.529685592651367188e+01
4.262228393554687500e+01
5.452259778976440430e-01
3.237559795379638672e-01
1.073254346847534180e-01
1.557989835739135742e+00
3.909087926149368286e-02
1.523505151271820068e-01
2.119607162475585938e+01
5.144977951049804688e+01
1.213043332099914551e-01
3.749710917472839355e-01
2.430650591850280762e-02
2.075966633856296539e-02
1.130024790763854980e+00
2.383736610412597656e+00
6.316140890121459961e-01
5.471654981374740601e-02
2.791363000869750977e-01
5.271355062723159790e-02
1.484401345252990723e+00
1.242468208074569702e-01
2.616812288761138916e-02
9.322710335254669189e-02
4.578832536935806274e-02
6.647110730409622192e-02
5.491261482238769531e+00
8.856201171875000000e-01
2.965007066726684570e+00
1.799869090318679810e-01
4.272720962762832642e-02
2.472825622558593750e+02
1.611655205488204956e-01
4.905682057142257690e-02
2.159618437290191650e-01
5.713842436671257019e-02
2.586629986763000488e-01
2.264160290360450745e-02
4.017748236656188965e-01
9.786392450332641602e-01
2.633530139923095703e+00
2.379567921161651611e-01
2.241582050919532776e-02
1.418435668945312500e+01
7.869936525821685791e-02
3.483311462402343750e+01
3.199333325028419495e-02
1.240747943520545959e-01
4.884456157684326172e+00
9.489742279052734375e+01
3.362014889717102051e-01
6.040537357330322266e-02
7.832843810319900513e-02
1.819158792495727539e-01
6.448494720458984375e+01
2.406453132629394531e+00
1.122154444456100464e-01
2.280437573790550232e-02
1.364035438746213913e-02
3.221016645431518555e+00
8.353202044963836670e-02
1.444042921066284180e-01
3.733754754066467285e-01
4.242378616333007812e+01
4.946050047874450684e-02
6.845168769359588623e-02
3.019215464591979980e-01
3.852075636386871338e-01
3.410558775067329407e-02
2.663513645529747009e-02
1.924015134572982788e-01
9.460155665874481201e-02
6.200394779443740845e-02
1.223014831542968750e+01
1.119995266199111938e-01
1.346923410892486572e-02
1.112643003463745117e+00
2.787121582031250000e+01
5.730307769775390625e+01
1.679751586914062500e+01
2.625831067562103271e-01
1.602015495300292969e-01
4.261743426322937012e-01
9.034674072265625000e+02
5.675337600708007812e+01
1.484971791505813599e-01
6.248198822140693665e-02
1.248976325988769531e+01
4.407300055027008057e-02
1.577417552471160889e-01
8.874946087598800659e-02
6.154943084716796875e+01
5.440341234207153320e-01
1.934508830308914185e-01
2.910066545009613037e-01
1.142284631729125977e+00
7.168808746337890625e+01
7.089193165302276611e-02
6.010324880480766296e-02
8.354942500591278076e-02
1.600073128938674927e-01
5.893813446164131165e-02
5.785198211669921875e-01
5.201219320297241211e-01
3.365298509597778320e+00
7.355758547782897949e-01
1.548825860023498535e+00
9.666902422904968262e-01
3.798208385705947876e-02
3.411889314651489258e+00
5.269727110862731934e-02
4.858218133449554443e-02
1.006600037217140198e-01
4.036859869956970215e-01
8.158206939697265625e-02
3.586869430541992188e+01
1.947110593318939209e-01
7.957199096679687500e+00
1.657746173441410065e-02
2.414744906127452850e-02
1.035722047090530396e-01
1.097800508141517639e-01
7.337658852338790894e-02
3.120542466640472412e-01
1.003992334008216858e-01
1.944098830223083496e+00
2.240125685930252075e-01
3.842621445655822754e-01
7.961262762546539307e-02
6.847701263427734375e+01
2.951540984213352203e-02
5.976427793502807617e-01
2.000032424926757812e+00
3.739067167043685913e-02
1.783988380432128906e+01
1.627381742000579834e-01
5.069911575317382812e+01
6.626369804143905640e-02
4.519636183977127075e-02
7.013001918792724609e+00
1.449031829833984375e+00
3.393139648437500000e+01
2.909930419921875000e+01
4.143933206796646118e-02
2.678278982639312744e-01
8.403384685516357422e-02
1.933805847167968750e+01
1.093477401733398438e+02
7.332362234592437744e-02
2.028888091444969177e-02
1.343240588903427124e-01
4.725326597690582275e-01
1.028610587120056152e+00
5.640019103884696960e-02
1.214032024145126343e-01
4.062320664525032043e-02
8.095359802246093750e-02
3.909669816493988037e-02
2.436461830139160156e+01
2.040509939193725586e+00
3.222559019923210144e-02
3.864789605140686035e-01
5.966923904418945312e+01
3.592149615287780762e-01
2.521314918994903564e-01
9.347313046455383301e-01
8.085032653808593750e+01
3.668338805437088013e-02
3.354035317897796631e-02
2.179456472396850586e+00
2.161995172500610352e-01
6.572215259075164795e-02
7.820066070556640625e+01
3.536353707313537598e-01
7.857292890548706055e-02
8.238103866577148438e+00
1.678586751222610474e-01
2.855589427053928375e-02
2.857884205877780914e-02
2.701716497540473938e-02
3.174500539898872375e-02
5.033921077847480774e-02
4.367868006229400635e-01
4.532861709594726562e-01
1.829145476222038269e-02
7.432631835937500000e+02
1.241218596696853638e-01
8.646218478679656982e-02
1.929584331810474396e-02
2.724862657487392426e-02
3.521991372108459473e-01
2.291695833206176758e+00
1.311736851930618286e-01
1.234449595212936401e-01
1.456689453125000000e+01
5.250958251953125000e+02
1.430848083496093750e+02
5.144016647338867188e+01
4.064580500125885010e-01
1.060905098915100098e+00
9.907523989677429199e-01
6.160651445388793945e-01
1.167023181915283203e-01
1.535392999649047852e-01
6.827863311767578125e+01
5.391931056976318359e+00
6.336123496294021606e-02
4.406706988811492920e-02
4.543558880686759949e-02
1.755636371672153473e-02
9.190489053726196289e-01
1.084897294640541077e-01
1.739687744140625000e+03
6.520130920410156250e+01
2.335200086236000061e-02
1.349498033523559570e-01
1.574749450683593750e+02
6.971130371093750000e+00
1.898595094680786133e+00
9.147385358810424805e-01
6.373332738876342773e-01
5.114410781860351562e+01
1.223364025354385376e-01
1.280045658349990845e-01
4.273337173461914062e+01
1.882733553647994995e-01
1.813714265823364258e+00
1.131003126502037048e-01
3.054279804229736328e+00
1.379502713680267334e-01
1.922841183841228485e-02
1.707068979740142822e-01
3.259757161140441895e-02
4.288013279438018799e-02
1.547229886054992676e-01
7.801841497421264648e-01
3.631107330322265625e+01
4.871652722358703613e-01
7.918000221252441406e-02
8.883497619628906250e+01
3.416190185546875000e+02
5.057405680418014526e-02
1.470936536788940430e-01
5.605493783950805664e-01
3.032747469842433929e-02
6.936631202697753906e-01
2.461146926879882812e+01
5.658746337890625000e+01
8.945214003324508667e-02
2.544208168983459473e-01
4.047917556762695312e+01
6.299946904182434082e-01
5.309318751096725464e-02
5.000936388969421387e-01
1.253953389823436737e-02
2.292233657836914062e+01
2.052496187388896942e-02
7.201367950439453125e+01
1.852261275053024292e-02
1.115309633314609528e-02
8.436630368232727051e-01
3.016015052795410156e+01
1.519993438720703125e+02
1.400733888149261475e-01
1.024398058652877808e-01
1.380596458911895752e-01
3.032154403626918793e-02
5.065653991699218750e+01
1.009490489959716797e-01
2.296990342438220978e-02
4.144541168212890625e+01
5.896505737304687500e+01
3.989918518066406250e+01
9.239188432693481445e-01
1.215703353881835938e+02
5.047715455293655396e-02
3.802368640899658203e-01
2.966428920626640320e-02
6.905354559421539307e-02
2.794857919216156006e-01
2.423909604549407959e-01
1.313586950302124023e+00
1.272923126220703125e+02
2.154130041599273682e-01
1.071610078215599060e-01
4.884143918752670288e-02
8.761067962646484375e+01
1.424851655960083008e+00
1.612412691116333008e+00
7.536994934082031250e+01
5.020645260810852051e-02
8.649052679538726807e-02
7.791891694068908691e-02
3.452023315429687500e+02
3.893018513917922974e-02
4.527473077178001404e-02
3.232156634330749512e-01
9.806337356567382812e-01
1.891091316938400269e-01
2.285384654998779297e+00
4.477555304765701294e-02
6.458734720945358276e-02
9.221558272838592529e-02
1.156047806143760681e-01
4.476834088563919067e-02
9.972925484180450439e-02
2.281277626752853394e-01
1.438011825084686279e-01
1.372873544692993164e+00
6.325223483145236969e-03
3.653223067522048950e-02
1.061106100678443909e-02
1.148962005972862244e-01
9.254490137100219727e-01
8.951700925827026367e-01
3.201058506965637207e-01
1.167653203010559082e-01
7.159627228975296021e-02
5.552544072270393372e-02
5.534919357299804688e+01
4.185684397816658020e-02
4.971292614936828613e-02
8.991567790508270264e-02
6.880594635009765625e+01
3.220074176788330078e-01
1.127958446741104126e-01
2.629581987857818604e-01
9.361328929662704468e-02
6.488092041015625000e+01
1.729830741882324219e+00
2.029548436403274536e-01
1.994814276695251465e+00
9.110237121582031250e+01
1.705115139484405518e-01
2.362906932830810547e+00
4.784214496612548828e-01
1.252780854701995850e-01
2.364112883806228638e-01
1.904858089983463287e-02
1.333747804164886475e-01
3.203498199582099915e-02
6.673069000244140625e-01
3.662897972390055656e-03
2.978011593222618103e-02
3.885055065155029297e+00
2.086035758256912231e-01
5.696401000022888184e-02
6.810835266113281250e+01
3.152556180953979492e+00
9.945400059223175049e-02
5.504687875509262085e-02
8.672707366943359375e+01
4.279275536537170410e-01
1.577596366405487061e-01
4.631364345550537109e+00
6.864358425140380859e+00
3.345273062586784363e-02
9.203223139047622681e-02
1.645930483937263489e-02
5.297536775469779968e-02
6.772763252258300781e+00
4.397859424352645874e-02
1.423313498497009277e+00
1.518093228340148926e+00
1.778338663280010223e-02
7.456137537956237793e-01
5.311445146799087524e-02
1.379769897460937500e+01
1.164717912673950195e+00
3.470137329101562500e+02
1.988771855831146240e-01
4.263164103031158447e-02
4.311948716640472412e-01
3.731606900691986084e-02
4.223896861076354980e-01
9.465870447456836700e-03
9.586837768554687500e+00
5.046264529228210449e-01
2.059960812330245972e-01
3.220093995332717896e-02
1.475989818572998047e-02
1.194835267961025238e-02
1.469916701316833496e-01
2.594562470912933350e-01
5.866187214851379395e-01
9.799166023731231689e-02
1.496350526809692383e+00
5.465956777334213257e-02
1.032053828239440918e-01
2.405784149169921875e+02
3.937295973300933838e-01
2.624545991420745850e-01
1.129900390625000000e+03
1.412988471984863281e+01
1.157774686813354492e+00
9.510697126388549805e-01
5.246347045898437500e+01
4.305483028292655945e-02
3.912971913814544678e-01
5.813911132812500000e+02
6.582778692245483398e-02
1.164240598678588867e+00
1.799426972866058350e-01
3.316918849945068359e+00
3.355727386474609375e+01
6.721170806884765625e+01
9.513080120086669922e-02
1.985037803649902344e+01
7.753372955322265625e+01
1.412527263164520264e-01
8.092964440584182739e-02
1.013534218072891235e-01
1.412259936332702637e-01
1.318900100886821747e-02
2.809024047851562500e+02
5.401912689208984375e+01
1.424409896135330200e-01
1.567074537277221680e+00
2.388199567794799805e-01
1.300356090068817139e-01
1.915666818618774414e+00
6.324322819709777832e-01
1.123555419921875000e+03
4.637376666069030762e-01
6.879425048828125000e-01
2.250713825225830078e+00
2.610863113403320312e+01
4.013564109802246094e+00
3.428241610527038574e-02
7.021832275390625000e+01
1.105968761444091797e+01
7.170595526695251465e-01
2.712050452828407288e-02
7.942348122596740723e-01
1.748643159866333008e+00
3.176013380289077759e-02
1.219790950417518616e-01
1.357279121875762939e-01
4.539540481567382812e+01
6.986628532409667969e+00
4.601108551025390625e+01
3.075937330722808838e-01
1.415417529642581940e-02
2.232364892959594727e+00
1.362191289663314819e-01
1.411827802658081055e-01
6.259826660156250000e+01
5.754210948944091797e-01
3.819924592971801758e-01
1.223451271653175354e-02
4.176732003688812256e-01
2.554219402372837067e-02
2.437907829880714417e-02
1.050730980932712555e-02
7.622922956943511963e-02
1.219472065567970276e-01
1.278857700526714325e-02
7.296063995361328125e+01
6.022127717733383179e-02
2.237243354320526123e-01
2.558794319629669189e-01
2.220790863037109375e+00
2.724935531616210938e+01
2.078184187412261963e-01
1.027465462684631348e+00
1.254678517580032349e-01
9.946203231811523438e-01
2.691274322569370270e-02
7.358190417289733887e-01
4.517761617898941040e-02
5.675993114709854126e-02
2.368197441101074219e-01
4.406315231323242188e+01
8.496881713867187500e+02
1.028290167450904846e-01
4.114509373903274536e-02
1.136621981859207153e-01
1.730309575796127319e-01
7.315129089355468750e+01
2.137743473052978516e+00
1.248424276709556580e-01
2.735982537269592285e-01
5.061092227697372437e-02
1.946694403886795044e-01
2.941015958786010742e+00
1.364785075187683105e+00
4.493357467651367188e+01
5.329892784357070923e-02
7.989960163831710815e-02
6.840428709983825684e-02
1.000492572784423828e-01
9.233280420303344727e-01
5.036358162760734558e-02
1.385321915149688721e-01
2.291338704526424408e-02
1.029139280319213867e+00
3.010170534253120422e-02
3.174724280834197998e-01
8.874402940273284912e-02
3.815137594938278198e-02
3.836077880859375000e+01
9.018231928348541260e-02
5.342779308557510376e-02
5.682769417762756348e-02
7.169762420654296875e+01
1.408338081091642380e-02
6.659584045410156250e+00
2.033068847656250000e+01
2.349313199520111084e-01
2.509134709835052490e-01
9.114331054687500000e+01
1.379722356796264648e+00
1.127678379416465759e-01
5.376218631863594055e-02
1.292906105518341064e-01
3.312556838989257812e+01
6.625335663557052612e-02
1.788422822952270508e+00
1.968107521533966064e-01
1.515122413635253906e+01
6.668466796875000000e+02
8.217099761962890625e+01
1.250466518104076385e-02
1.934433877468109131e-01
3.046757355332374573e-02
6.398101806640625000e+02
5.471538752317428589e-02
7.273217290639877319e-02
6.144837646484375000e+02
1.648201584815979004e+00
7.006062269210815430e-01
1.262635993957519531e+01
1.528442840576171875e+02
5.119902133941650391e+00
1.279362142086029053e-01
1.975702121853828430e-02
1.004138439893722534e-01
5.065196752548217773e-02
1.412247753143310547e+01
2.786848545074462891e-01
5.733491134643554688e+01
1.220620632171630859e+00
1.462716013193130493e-01
3.968811407685279846e-02
2.772915363311767578e-02
4.345890879631042480e-02
5.707003784179687500e+02
1.161241436004638672e+01
2.271478176116943359e-01
7.521879577636718750e+01
8.961348235607147217e-02
2.449538707733154297e-01
1.177359595894813538e-01
3.241551160812377930e+00
2.074402198195457458e-02
9.527654945850372314e-02
4.767534732818603516e-01
9.898818284273147583e-02
3.202664554119110107e-01
1.078750267624855042e-01
1.919660419225692749e-01
4.963192939758300781e-01
5.491039156913757324e-01
3.270630538463592529e-02
1.804379081726074219e+01
6.574017405509948730e-01
2.358076125383377075e-01
3.222971037030220032e-02
2.305643260478973389e-02
2.029346674680709839e-01
5.733690783381462097e-02
1.589041471481323242e+00
4.018370509147644043e-01
3.131144493818283081e-02
1.751373708248138428e-01
6.734366416931152344e+00
4.133742332458496094e+00
4.385269805788993835e-02
8.426663208007812500e+01
9.321111297607421875e+01
1.786381900310516357e-01
3.393354266881942749e-02
5.427828979492187500e+02
7.977700233459472656e-02
6.204080200195312500e+01
5.813276022672653198e-02
3.613207489252090454e-02
4.373825490474700928e-01
3.018974326550960541e-03
4.812582135200500488e-01
9.097172319889068604e-02
1.530022460937500000e+03
1.665596105158329010e-02
7.815264165401458740e-02
7.164593786001205444e-02
1.628605127334594727e-01
4.894437268376350403e-02
2.023801803588867188e-01
2.535808105468750000e+02
5.120726674795150757e-02
6.010420608520507812e+01
1.793461084365844727e+00
2.108168601989746094e-02
3.979140520095825195e-02
3.185411095619201660e-01
8.978107571601867676e-01
7.997144013643264771e-02
1.803779900074005127e-01
1.162902340292930603e-01
3.865430504083633423e-02
4.042547225952148438e+01
3.160075098276138306e-02
3.614462375640869141e+00
6.119092553853988647e-02
5.644284248352050781e+00
1.734225749969482422e-01
2.093004435300827026e-02
1.909022569656372070e+00
3.372045233845710754e-02
3.201247751712799072e-01
4.037179797887802124e-02
8.208440244197845459e-02
6.478722393512725830e-02
1.491813898086547852e+00
5.900472402572631836e-02
7.721568644046783447e-02
1.732837036252021790e-02
4.966756701469421387e-01
1.970202103257179260e-02
2.117973119020462036e-01
7.973464202880859375e+01
1.493282336741685867e-02
2.779116928577423096e-01
5.424053955078125000e+01
4.059255123138427734e-02
3.233070373535156250e-01
1.512965001165866852e-02
2.722380124032497406e-02
2.364020347595214844e-01
9.130780585110187531e-03
2.826455831527709961e-01
1.267327785491943359e+00
6.267564743757247925e-02
2.044755779206752777e-02
3.523915633559226990e-02
2.221162766218185425e-01
9.700365364551544189e-02
7.115431976318359375e+01
1.829035207629203796e-02
9.199465066194534302e-02
7.975719451904296875e+01
9.091665148735046387e-01
1.193784332275390625e+02
1.780477523803710938e+00
9.671075940132141113e-01
9.273018646240234375e+01
1.221184507012367249e-01
1.517519073486328125e+02
7.641547173261642456e-02
8.489347839355468750e+01
4.578768834471702576e-02
1.190474629402160645e-01
2.172268331050872803e-01
3.558803200721740723e-01
1.719792783260345459e-01
2.463714629411697388e-01
2.485395371913909912e-01
4.406005382537841797e+00
1.227620095014572144e-01
8.371141739189624786e-03
1.173945218324661255e-01
1.153429031372070312e+00
7.897398620843887329e-02
4.292553961277008057e-01
7.180330902338027954e-02
1.315195918083190918e+00
2.913598120212554932e-01
1.807704195380210876e-02
8.091716766357421875e+00
4.302884265780448914e-02
2.249332964420318604e-01
9.352211654186248779e-02
4.583857581019401550e-02
1.299598693847656250e+00
5.875109672546386719e+00
2.364185079932212830e-02
2.187924575805664062e+01
6.080199405550956726e-02
1.319676339626312256e-01
3.747650861740112305e+00
3.055556677281856537e-02
1.682174056768417358e-01
1.277360320091247559e-01
5.854195356369018555e-02
3.423015028238296509e-02
3.622100502252578735e-02
2.140981256961822510e-01
2.083597481250762939e-01
1.986071839928627014e-02
2.620500564575195312e+01
6.632126569747924805e-01
2.070866823196411133e-01
1.191201210021972656e-01
2.045499980449676514e-01
9.718109369277954102e-01
1.270012259483337402e-01
5.248771235346794128e-02
3.523194491863250732e-01
1.571715995669364929e-02
9.475618600845336914e-02
1.454458236694335938e-01
7.863008022308349609e+00
2.490495145320892334e-02
5.851302742958068848e-01
3.488879799842834473e-01
8.203457295894622803e-02
7.137419283390045166e-02
1.079551458358764648e+00
1.328772492706775665e-02
1.729083299636840820e+00
6.700014322996139526e-02
6.356718484312295914e-03
2.273592203855514526e-01
5.757354944944381714e-02
1.485351622104644775e-01
1.759682273864746094e+01
1.048630595207214355e+00
2.612137794494628906e+00
2.248476073145866394e-02
2.128342056274414062e+01
3.331786021590232849e-02
2.419400662183761597e-01
1.729419708251953125e+01
3.682867884635925293e-01
5.427209377288818359e+00
1.380775719881057739e-01
1.305638849735260010e-01
2.568539418280124664e-02
5.229418352246284485e-02
1.005979031324386597e-01
7.939850538969039917e-02
1.789890229701995850e-01
2.877451419830322266e+00
1.154836416244506836e+00
1.537075825035572052e-02
6.181497126817703247e-02
3.776315599679946899e-02
4.917418360710144043e-01
9.781332015991210938e+00
1.410158127546310425e-01
1.203769072890281677e-01
3.717605024576187134e-02
5.298080295324325562e-02
2.701175808906555176e-01
3.813278079032897949e-01
3.107913956046104431e-02
9.718562662601470947e-02
3.409863114356994629e-01
1.773073822259902954e-01
2.556223571300506592e-01
1.044746093750000000e+03
3.831830248236656189e-02
6.719912290573120117e-01
2.563041448593139648e-02
3.343972861766815186e-01
6.265901029109954834e-02
1.135976552963256836e+00
2.675927057862281799e-02
5.295140296220779419e-02
7.063416391611099243e-02
8.397917449474334717e-02
9.778583049774169922e-02
5.338774919509887695e-01
1.457006763666868210e-02
1.583640277385711670e-01
4.266724735498428345e-02
9.707788228988647461e-01
1.579756498336791992e+00
2.027000188827514648e-01
1.187035217881202698e-01
3.989017944335937500e+02
4.163656383752822876e-02
1.957931816577911377e-01
3.770080208778381348e-02
7.857185363769531250e+01
2.620397508144378662e-02
3.104670941829681396e-01
4.403410851955413818e-02
1.373365759849548340e+00
1.945053786039352417e-02
5.663857460021972656e+00
1.729357957839965820e+00
2.379148960113525391e+00
3.633661866188049316e-01
2.169402316212654114e-02
3.033999800682067871e-01
8.337216377258300781e-01
2.496870756149291992e-01
1.648153364658355713e-01
1.615504264831542969e+01
1.671486258506774902e+00
3.620459139347076416e-02
3.154881894588470459e-01
3.421346470713615417e-02
6.188011169433593750e-02
4.099399149417877197e-01
1.629803925752639771e-01
1.526572741568088531e-02
1.175936460494995117e+00
1.978992819786071777e+00
6.851767003536224365e-02
6.022007018327713013e-02
1.549017071723937988e+00
1.519437980651855469e+01
1.628083735704421997e-01
2.592242956161499023e-01
2.473070621490478516e-01
2.009402811527252197e-01
8.738120198249816895e-01
5.795803070068359375e+01
4.907188415527343750e+01
8.802337944507598877e-02
1.148505210876464844e-01
1.409688591957092285e-02
1.924434661865234375e+00
1.755207218229770660e-02
5.018196254968643188e-02
1.493349522352218628e-01
7.114610195159912109e+00
1.478513121604919434e+00
2.295620346069335938e+01
2.899952232837677002e-02
1.705469563603401184e-02
7.857278734445571899e-02
1.484805047512054443e-01
3.947355598211288452e-02
5.582678985595703125e+01
2.426219284534454346e-01
3.655310153961181641e+00
7.964109897613525391e+00
2.793028652667999268e-01
1.222816761583089828e-02
1.569770723581314087e-01
3.245740532875061035e-01
4.568603038787841797e-01
9.003281593322753906e-02
1.247625589370727539e+00
4.579067230224609375e-01
1.383448541164398193e-01
2.281727828085422516e-02
1.671454071998596191e+00
1.156631764024496078e-02
1.252242889404296875e+02
6.639967113733291626e-02
5.808349326252937317e-02
7.298837602138519287e-02
2.276550769805908203e+00
6.017208099365234375e-02
6.775259375572204590e-01
3.123932480812072754e-01
1.324093341827392578e+00
2.014574036002159119e-02
5.465003013610839844e+00
1.129572615027427673e-01
1.043997257947921753e-01
9.450177612304687500e+02
5.019140243530273438e-01
1.644396409392356873e-02
9.183894991874694824e-01
7.037772238254547119e-02
2.237317115068435669e-01
2.083848267793655396e-01
4.999681934714317322e-02
9.727796554565429688e+00
1.248370170593261719e+00
3.329571533203125000e+01
6.905172020196914673e-03
1.164608225226402283e-01
3.960333347320556641e+00
1.536290771484375000e+03
1.635214686393737793e-02
2.055539377033710480e-02
8.113778382539749146e-02
7.759928226470947266e+00
5.223965048789978027e-01
1.669916063547134399e-01
6.129460334777832031e-01
1.981727220118045807e-02
4.652874946594238281e+00
2.779157459735870361e-02
1.990680210292339325e-02
5.350191518664360046e-02
3.235479444265365601e-02
3.107357323169708252e-01
8.616459965705871582e-01
6.304521113634109497e-02
4.021127820014953613e-01
3.869209438562393188e-02
1.511715850830078125e+02
9.148539602756500244e-02
1.910600960254669189e-01
8.788786828517913818e-02
3.507893979549407959e-01
2.488124847412109375e+00
1.147095952183008194e-02
9.070623517036437988e-01
9.977971762418746948e-02
5.474206805229187012e-02
4.744108766317367554e-02
4.194309115409851074e-01
6.803263723850250244e-02
1.371855437755584717e-01
8.923801034688949585e-02
8.845996093750000000e+02
4.485989362001419067e-02
4.998170733451843262e-01
1.467810124158859253e-01
6.102449819445610046e-02
3.283801674842834473e-01
1.505549401044845581e-01
1.786684799194335938e+01
4.175000915527343750e+02
2.111717499792575836e-02
1.395665705204010010e-01
6.335993576049804688e+01
5.127470016479492188e+01
2.345004826784133911e-01
1.475529521703720093e-01
3.793148994445800781e-01
2.063191680908203125e+02
3.111198544502258301e-01
9.166736900806427002e-02
1.004972219467163086e+00
1.261720657348632812e-01
2.077313804626464844e+01
6.874981522560119629e-02
7.356478273868560791e-02
3.741592466831207275e-01
1.717324256896972656e-01
1.536559611558914185e-01
1.654892861843109131e-01
8.365689963102340698e-02
5.007100105285644531e-02
1.080058366060256958e-01
2.518632635474205017e-02
8.550691604614257812e-01
3.476662561297416687e-02
9.529994010925292969e+00
4.792876243591308594e+00
8.707804679870605469e-01
4.182181954383850098e-01
3.212116956710815430e-01
8.277730941772460938e-01
5.862926101684570312e+01
4.101605987548828125e+01
5.535297468304634094e-02
9.378977119922637939e-02
7.562083601951599121e-01
1.634439080953598022e-02
1.492021381855010986e-01
1.036616116762161255e-01
1.071613058447837830e-01
4.070923477411270142e-02
3.142117336392402649e-02
2.514346241950988770e-01
1.285744011402130127e-01
3.503027725219726562e+01
4.316709935665130615e-01
9.853400290012359619e-02
2.224061489105224609e+00
1.368721276521682739e-01
2.071123123168945312e-01
6.737378239631652832e-02
1.853247880935668945e+00
1.392274051904678345e-01
1.067879945039749146e-01
1.460667550563812256e-01
2.490184307098388672e+00
6.912521272897720337e-02
2.974025905132293701e-01
2.559674084186553955e-01
7.113885879516601562e-02
3.692833328247070312e+01
3.306988775730133057e-01
1.714849919080734253e-01
1.369768381118774414e-02
5.285037308931350708e-02
3.844037279486656189e-02
8.358105272054672241e-02
8.135591447353363037e-02
2.034137696027755737e-01
1.225459426641464233e-01
6.341576576232910156e-01
1.169712185859680176e+00
1.723468005657196045e-01
1.789226233959197998e-01
1.393944472074508667e-01
2.923569642007350922e-02
1.056447848677635193e-01
2.756604194641113281e+00
8.821076965332031250e+01
1.175356376916170120e-02
2.032363042235374451e-02
1.122731933593750000e+03
2.360456995666027069e-02
2.182131558656692505e-01
1.914942413568496704e-01
4.348346590995788574e-02
7.977005243301391602e-01
6.455659866333007812e-02
7.886817169189453125e+01
6.406797170639038086e-01
7.528667151927947998e-02
9.695484489202499390e-02
7.255566120147705078e-02
1.443399190902709961e-01
1.132568437606096268e-02
1.325664978027343750e+02
2.968286909162998199e-02
2.447510659694671631e-01
1.158418506383895874e-01
4.706860482692718506e-01
4.804004669189453125e+00
1.497634686529636383e-02
5.099611729383468628e-02
4.125823080539703369e-01
7.877288460731506348e-01
1.361303776502609253e-01
4.409519577026367188e+01
5.161847919225692749e-02
3.796822071075439453e+00
4.126394689083099365e-01
3.671183064579963684e-02
1.224278360605239868e-01
3.167640864849090576e-01
6.466168165206909180e-02
7.053233683109283447e-02
5.245539546012878418e-02
9.242719411849975586e-02
1.276146471500396729e-01
1.196324825286865234e-01
4.027284681797027588e-01
1.616058051586151123e-01
1.996565312147140503e-01
5.860605835914611816e-02
1.051863059401512146e-01
2.636910200119018555e+00
8.961738586425781250e+00
1.171078905463218689e-01
9.251482039690017700e-02
8.270465582609176636e-02
4.764211773872375488e-01
2.489682137966156006e-01
1.488164812326431274e-01
1.620527207851409912e-01
5.306421965360641479e-02
2.621217956542968750e+02
1.893492043018341064e-01
2.631991729140281677e-02
1.283211112022399902e+00
6.667653471231460571e-02
8.870422095060348511e-02
1.525013542175292969e+01
3.679412007331848145e-01
9.263093769550323486e-02
2.390424311161041260e-01
7.531210035085678101e-02
2.414700537919998169e-01
1.677437782287597656e+01
4.513323974609375000e+01
9.211037307977676392e-03
5.879474282264709473e-01
6.428879737854003906e+00
4.868773818016052246e-01
4.913949966430664062e-01
7.824513912200927734e-01
8.097294569015502930e-01
5.972037506103515625e+01
1.855224072933197021e-01
1.407383382320404053e-01
9.920392930507659912e-02
1.447322130203247070e+00
2.630011364817619324e-02
1.121968626976013184e-01
5.219573020935058594e+00
4.698773324489593506e-01
8.356055021286010742e-01
1.455793976783752441e+00
3.369133174419403076e-01
5.546151846647262573e-02
2.347388565540313721e-01
7.621219158172607422e-01
1.321137249469757080e-01
3.873301744461059570e+00
2.331297472119331360e-02
6.812922656536102295e-02
5.113510414958000183e-02
4.173963516950607300e-02
1.917220652103424072e-01
3.145799785852432251e-02
6.277101486921310425e-02
4.550405502319335938e+00
2.020960152149200439e-01
1.369525146484375000e+03
1.868689805269241333e-01
1.787596568465232849e-02
1.589964181184768677e-01
2.645373903214931488e-02
7.342591285705566406e-01
7.941773533821105957e-02
1.262929141521453857e-01
2.602005936205387115e-02
2.136135287582874298e-02
8.109006285667419434e-02
5.050972849130630493e-02
1.409433186054229736e-01
2.912400662899017334e-02
4.192241821289062500e+02
1.215701818466186523e+00
1.865370422601699829e-01
9.385148882865905762e-01
1.703824475407600403e-02
1.726811790466308594e+01
3.577658534049987793e-02
1.902618259191513062e-01
1.717365160584449768e-02
1.091130152344703674e-01
5.686168670654296875e-01
8.233701705932617188e+00
4.761086031794548035e-02
1.135928183794021606e-01
1.886940300464630127e-01
5.765884876251220703e+00
8.401113748550415039e-02
1.573122441768646240e-01
4.457140713930130005e-02
1.591825485229492188e-01
6.804976463317871094e+00
9.649267420172691345e-03
5.241737514734268188e-02
3.312270343303680420e-02
4.956342279911041260e-01
1.232465282082557678e-01
7.033863663673400879e-01
5.340854078531265259e-02
1.433662176132202148e-01
1.720330268144607544e-01
5.320232391357421875e+00
1.226486116647720337e-01
2.615628623962402344e+01
8.869961835443973541e-03
6.331851482391357422e+00
5.207502096891403198e-02
2.173241853713989258e+00
1.221576780080795288e-01
2.838401794433593750e-01
7.019537353515625000e+02
5.713015747070312500e+02
5.634027123451232910e-01
4.615097999572753906e+00
1.274972110986709595e-01
1.980899870395660400e-01
5.945457145571708679e-02
4.483926296234130859e-01
8.810158967971801758e-01
4.875382423400878906e+00
1.007317962646484375e+02
9.341476112604141235e-02
7.629244774580001831e-02
1.888131797313690186e-01
1.114308929443359375e+01
2.181501388549804688e-01
8.088095784187316895e-01
6.998812407255172729e-02
8.772978210449218750e+01
4.196167886257171631e-01
1.080698966979980469e-01
8.686404675245285034e-02
6.522072106599807739e-02
3.242078781127929688e+01
1.176921576261520386e-01
4.731802368164062500e+01
8.181363677978515625e+01
7.209892272949218750e+00
6.664328002929687500e+01
6.054270267486572266e-02
2.702590227127075195e-01
1.043134927749633789e-01
4.137305170297622681e-02
1.394021153450012207e+00
1.137470006942749023e-01
4.911208525300025940e-02
5.784887075424194336e-02
1.819078251719474792e-02
3.416534066200256348e-01
2.972413897514343262e-01
6.557877361774444580e-02
1.316758096218109131e-01
8.823402971029281616e-02
2.094867229461669922e-01
1.574780106544494629e+00
6.664124145507812500e+02
9.039518237113952637e-02
